symbol,period,item_code,item_name_tr,item_name_en,value
PETUN,2020/12,1A,Dönen Varlıklar,CURRENT ASSETS,41566631.0
PETUN,2020/12,1AA,Nakit ve Nakit Benzerleri,Cash and Cash Equivalents,3077709.0
PETUN,2020/12,1AB,Finansal Yatırımlar,Short-Term Financial Investments,0.0
PETUN,2020/12,1AC,Ticari Alacaklar,Short-Term Trade Receivables,21490947.0
PETUN,2020/12,1AD,Finans Sektörü Faaliyetlerinden Alacaklar,Short-Term Receivables from Financial Operations,0.0
PETUN,2020/12,1AE,Diğer Alacaklar,Short-Term Other Receivables,2862231.0
PETUN,2020/12,1AEA,Müşteri Sözleşmelerinden Doğan Varlıklar,nan,0.0
PETUN,2020/12,1AF,Stoklar,Inventories,11643029.0
PETUN,2020/12,1AG,Canlı Varlıklar,Short-Term Live Assets,2322674.0
PETUN,2020/12,1AH,Diğer Dönen Varlıklar,Other Current Assets,170041.0
PETUN,2020/12,1AI,(Ara Toplam),(Subtotal),41566631.0
PETUN,2020/12,1AJ,Satış Amacıyla Elde Tutulan Duran Varlıklar,Assets to be Sold,0.0
PETUN,2020/12,1AK,Duran Varlıklar,LONG TERM ASSETS,107363732.0
PETUN,2020/12,1B,Ticari Alacaklar,Trade Receivables,0.0
PETUN,2020/12,1BA,Finans Sektörü Faaliyetlerinden Alacaklar,Long-Term Receivables from Financial Operations,0.0
PETUN,2020/12,1BB,Diğer Alacaklar,Other Receivables,9417843.0
PETUN,2020/12,1BBA,Müşteri Sözleşmelerinden Doğan Varlıklar,nan,0.0
PETUN,2020/12,1BC,Finansal Yatırımlar,Financial Investments,342350.0
PETUN,2020/12,1BD,Özkaynak Yöntemiyle Değerlenen Yatırımlar,Investments with Equity Method,44726788.0
PETUN,2020/12,1BE,Canlı Varlıklar,Long-Term Live Assets,0.0
PETUN,2020/12,1BF,Yatırım Amaçlı Gayrimenkuller,Real Estate Investments,3125378.0
PETUN,2020/12,1BFA,Stoklar,Stoklar,0.0
PETUN,2020/12,1BFAA,Kullanım Hakkı Varlıkları,nan,508982.0
PETUN,2020/12,1BG,Maddi Duran Varlıklar,Tangible Fixed Assets,48719435.0
PETUN,2020/12,1BGA,Şerefiye,Goodwill,0.0
PETUN,2020/12,1BH,Maddi Olmayan Duran Varlıklar,Intangible Fixed Assets,502041.0
PETUN,2020/12,1BJ,Ertelenmiş Vergi Varlığı,Long Term Deffered Tax Assets,0.0
PETUN,2020/12,1BK,Diğer Duran Varlıklar,Other Long-Term Assets,20915.0
PETUN,2020/12,1BL,TOPLAM VARLIKLAR,TOTAL ASSETS,148930362.0
PETUN,2020/12,1BM,KAYNAKLAR,LIABILITIES,0.0
PETUN,2020/12,2A,Kısa Vadeli Yükümlülükler,SHORT TERM LIABILITIES,25249590.0
PETUN,2020/12,2AA,Finansal Borçlar,Short-Term Financial Loans,1236141.0
PETUN,2020/12,2AAG,Diğer Finansal Yükümlülükler,Other Short-Term Financial Liabilities,593128.0
PETUN,2020/12,2AAGAA,Ticari Borçlar,Short-Term Trade Payables,19231547.0
PETUN,2020/12,2AAGAB,Diğer Borçlar,Other Short-Term Loans,2982099.0
PETUN,2020/12,2AAGAC,Müşteri Söz. Doğan Yük.,nan,0.0
PETUN,2020/12,2AAGB,Finans Sektörü Faaliyetlerinden Borçlar,Short-Term Loans from Financial Operations,0.0
PETUN,2020/12,2AAGC,Devlet Teşvik ve Yardımları,Short-Term Government Promotions and Aids,0.0
PETUN,2020/12,2AAGCA,Ertelenmiş Gelirler (Müşteri Söz. Doğan Yük. Dış.Kal.),nan,108720.0
PETUN,2020/12,2AAGD,Dönem Karı Vergi Yükümlülüğü,Taxation Liabilities on Income (-),562046.0
PETUN,2020/12,2AAGE,Borç Karşılıkları,Short-Term Provisions,152865.0
PETUN,2020/12,2AAGF,Diğer Kısa Vadeli Yükümlülükler,Other Short-Term Liabilities,383045.0
PETUN,2020/12,2AAGG,(Ara Toplam),(Subtotal),25249590.0
PETUN,2020/12,2AAGH,Satış Amaçlı Elde Tutulan Duran Varlıklara İlişkin Yükümlülükler,Liabilities on Assets to be Sold,0.0
PETUN,2020/12,2B,Uzun Vadeli Yükümlülükler,LONG TERM LIABILITIES,18559852.0
PETUN,2020/12,2BA,Finansal Borçlar,Long-Term Financial Loans,9790580.0
PETUN,2020/12,2BB,Diğer Finansal Yükümlülükler,Other Short-Term Financial Liabilities,0.0
PETUN,2020/12,2BBA,Ticari Borçlar,Long-Term Trade Payables,0.0
PETUN,2020/12,2BBB,Diğer Borçlar,Other Long-Term Loans,0.0
PETUN,2020/12,2BBBA,Müşteri Söz.Doğan Yük.,nan,0.0
PETUN,2020/12,2BC,Finans Sektörü Faaliyetlerinden Borçlar,Long-Term Loans from Financial Operations,0.0
PETUN,2020/12,2BD,Devlet Teşvik ve Yardımları,Long-Term Government Promotions and Aids,0.0
PETUN,2020/12,2BDA,Ertelenmiş Gelirler (Müşteri Söz.Doğan Yük. Dış.Kal.),nan,0.0
PETUN,2020/12,2BE,Uzun vadeli karşılıklar,Long-Term Provisions,5291510.0
PETUN,2020/12,2BF,Çalışanlara Sağlanan Faydalara İliş.Karş.,Provisions for Retirment Pay,0.0
PETUN,2020/12,2BG,Ertelenmiş Vergi Yükümlülüğü,Deferred Tax Liabilities,3477762.0
PETUN,2020/12,2BH,Diğer Uzun Vadeli Yükümlülükler,Other Long-Term Liabilities,0.0
PETUN,2020/12,2N,Özkaynaklar,SHAREHOLDERS EQUITY,105120921.0
PETUN,2020/12,2O,Ana Ortaklığa Ait Özkaynaklar,Parent Shareholders Capital,105120921.0
PETUN,2020/12,2OA,Ödenmiş Sermaye,Share Capital,5830317.0
PETUN,2020/12,2OC,Karşılıklı İştirak Sermayesi Düzeltmesi (-),Adjustments to Share Capital,0.0
PETUN,2020/12,2OCA,Hisse Senedi İhraç Primleri,Premium in Excess of Par,0.0
PETUN,2020/12,2OCB,Değer Artış Fonları,Market Value Surpluses,0.0
PETUN,2020/12,2OCC,Yabancı Para Çevrim Farkları,FX Translation Differences,0.0
PETUN,2020/12,2OCD,Kardan Ayrılan Kısıtlanmış Yedekler,Income Reserves,6658584.0
PETUN,2020/12,2OCE,Geçmiş Yıllar Kar/Zararları,Retained Earnings /(Acc. Losses),28056360.0
PETUN,2020/12,2OCF,Dönem Net Kar/Zararı,Current Year Income /(Losses),12824321.0
PETUN,2020/12,2OD,Diğer Özsermaye Kalemleri,Other Sholders Equity Items,51751339.0
PETUN,2020/12,2ODA,Azınlık Payları,Minority Interests,0.0
PETUN,2020/12,2ODB,TOPLAM KAYNAKLAR,TOTAL LIABILITIES AND S.HOLDERS EQUITY,148930362.0
PETUN,2020/12,3B,Sürdürülen Faaliyetler,Continuing Operations,0.0
PETUN,2020/12,3C,Satış Gelirleri,Net Sales,119717073.0
PETUN,2020/12,3CA,Satışların Maliyeti (-),Cost Of Sales,-99160554.0
PETUN,2020/12,3CAA,Ticari Faaliyetlerden Diğer Kar (Zarar),Other Profit (Loss) from Trade Operations,0.0
PETUN,2020/12,3CAB,Ticari Faaliyetlerden Brüt Kar (Zarar),Gross Profit (Loss) from Trade Operations,20556519.0
PETUN,2020/12,3CAC,"Faiz, Ücret, Prim, Komisyon ve Diğer Gelirler","Proceeds from Interest, Fee, Premium, Commission and Other",0.0
PETUN,2020/12,3CAD,"Faiz, Ücret, Prim, Komisyon ve Diğer Giderler (-)","Expenses from Interest, Fee, Premium, Commission and Other",0.0
PETUN,2020/12,3CAE,Finans Sektörü Faaliyetlerinden Diğer Kar (Zarar),Other Profit (Loss) from Financial Operations,0.0
PETUN,2020/12,3CAF,Finans Sektörü Faaliyetlerinden Brüt Kar (Zarar),Gross Profit (Loss) from Financial Operations,0.0
PETUN,2020/12,3CB,Diğer Gelir ve Giderler,Other Income (Expenses),-25167.0
PETUN,2020/12,3D,BRÜT KAR (ZARAR),GROSS PROFIT (LOSS),20531352.0
PETUN,2020/12,3DA,"Pazarlama, Satış ve Dağıtım Giderleri (-)",Marketing Selling & Distrib. Expenses (-),-5549255.0
PETUN,2020/12,3DB,Genel Yönetim Giderleri (-),General Administrative Expenses (-),-3807421.0
PETUN,2020/12,3DC,Araştırma ve Geliştirme Giderleri (-),Research & Development Expenses (-),-480378.0
PETUN,2020/12,3DD,Diğer Faaliyet Gelirleri,Income from Other Operations,739187.0
PETUN,2020/12,3DE,Diğer Faaliyet Giderleri (-),Expenses from Other Operations (-),-873675.0
PETUN,2020/12,3DEA,Faaliyet Karı Öncesi Diğer Gelir ve Giderler,Other Income (Expenses) Before Operating Profits,0.0
PETUN,2020/12,3DF,FAALİYET KARI (ZARARI),OPERATING PROFITS,10559811.0
PETUN,2020/12,3H,Net Faaliyet Kar/Zararı,Net Operating Profits,10694298.0
PETUN,2020/12,3HA,Yatırım Faaliyetlerinden Gelirler,nan,1469543.0
PETUN,2020/12,3HAA,Yatırım Faaliyetlerinden Giderler (-),nan,0.0
PETUN,2020/12,3HAB,Diğer Gelir ve Giderler,nan,0.0
PETUN,2020/12,3HAC,Özkaynak Yöntemiyle Değerlenen Yatırımların Kar/Zararlarındaki Paylar,Profit (Loss) from Subsidiaries,3278523.0
PETUN,2020/12,3HACA,Finansman Gideri Öncesi Faaliyet Karı/Zararı,nan,15307877.0
PETUN,2020/12,3HB,(Esas Faaliyet Dışı) Finansal Gelirler,Financial Income (from Other Operations),702520.0
PETUN,2020/12,3HC,(Esas Faaliyet Dışı) Finansal Giderler (-),Financial Expenses (from Other Operations) (-),-1540475.0
PETUN,2020/12,3HCA,Vergi Öncesi Diğer Gelir ve Giderler,Other Income (Expenses) Before Tax,1469543.0
PETUN,2020/12,3I,SÜRDÜRÜLEN FAALİYETLER VERGİ ÖNCESİ KARI (ZARARI),PROFIT BEFORE TAX FROM CONTINUING OPERATIONS,14469923.0
PETUN,2020/12,3IA,Sürdürülen Faaliyetler Vergi Geliri (Gideri),Taxation on Continuing Operations,-906248.0
PETUN,2020/12,3IB,Dönem Vergi Geliri (Gideri),Taxation on Income (Expenses),-1122754.0
PETUN,2020/12,3IC,Ertelenmiş Vergi Geliri (Gideri),Income (Expenses) of Deferred Tax,216506.0
PETUN,2020/12,3ID,Diğer Vergi Geliri (Gideri),Other Taxation Income (Expenses),0.0
PETUN,2020/12,3J,SÜRDÜRÜLEN FAALİYETLER DÖNEM KARI/ZARARI,PROFIT FROM CONTINUING OPERATIONS,13563674.0
PETUN,2020/12,3K,DURDURULAN FAALİYETLER,DISCONTINUED OPERATIONS,0.0
PETUN,2020/12,3KA,Durdurulan Faaliyetler Vergi Sonrası Dönem Karı (Zararı),Profit After Taxes from Discontinued Operations,0.0
PETUN,2020/12,3L,DÖNEM KARI (ZARARI),NET PROFIT AFTER TAXES,13563674.0
PETUN,2020/12,3LA,Dönem Kar/Zararının Dağılımı,Distrubition of Profit (Loss),0.0
PETUN,2020/12,3LB,Azınlık Payları,Minority Interests,0.0
PETUN,2020/12,3Z,Ana Ortaklık Payları,Parent Shares,13563674.0
PETUN,2020/12,3ZD,Hisse Başına Kazanç,Earnings per Share,0.0
PETUN,2020/12,3ZE,Seyreltilmiş Hisse Başına Kazanç,Diluted Earnings per Share,0.0
PETUN,2020/12,3ZF,Sürdürülen Faaliyetlerden Hisse Başına Kazanç,Earnings per Share from Continuing Operations,0.0
PETUN,2020/12,3ZG,Sürdürülen Faaliyetlerden Seyreltilmiş Hisse Başına Kazanç,Earnings per Share from Discontinued Operations,0.0
PETUN,2020/12,4B,Amortisman Giderleri,Depreciation & Amortization,2654488.0
PETUN,2020/12,4BA,Kıdem Tazminatı,Severance Payments,374686.0
PETUN,2020/12,4BB,Finansman Giderleri,Financial Expenses,-1540475.0
PETUN,2020/12,4BC,Yurtiçi Satışlar,Domestic Sales,139759623.0
PETUN,2020/12,4BD,Yurtdışı Satışlar,Export Sales,5174787.0
PETUN,2020/12,4BE,Net Yabancı Para Pozisyonu,Net Fx Position,1264047.0
PETUN,2020/12,4BEA,Parasal net yabancı para varlık/(yükümlülük) pozisyonu,Parasal net yabancı para varlık/(yükümlülük) pozisyonu,1254499.0
PETUN,2020/12,4BEB,Net YPP (Hedge Dahil),Net YPP (Hedge Dahil),1264047.0
PETUN,2020/12,4C,İşletme Faaliyetlerinden Kaynaklanan Net Nakit,Net Cash from Operations,7168389.0
PETUN,2020/12,4CA,Düzeltme Öncesi Kar,Earnings Before Adjustments,13563674.0
PETUN,2020/12,4CAA,Düzeltmeler:,Adjustments:,147287.0
PETUN,2020/12,4CAB,Amortisman & İtfa Payları,Depreciation & Amortisation,2654488.0
PETUN,2020/12,4CAC,Karşılıklardaki Değişim,Change in Provisions,589324.0
PETUN,2020/12,4CAD,Diğer Gelir/ Gider,Other Income / Expense,-3096525.0
PETUN,2020/12,4CAE,İşletme Sermayesinde Değişikler Öncesi Faaliyet Karı (+),Operating Profit Before Changes in Working Capital (+),13710961.0
PETUN,2020/12,4CAF,İşletme Sermayesindeki Değişiklikler,Change in Working Capital,-5162018.0
PETUN,2020/12,4CAG,Esas Faaliyet ile İlgili Oluşan Nakit (+),Cash from Core Operations (+),8548943.0
PETUN,2020/12,4CAH,Diğer İşletme Faaliyetlerinden Nakit,Cash from Other Operations,-1380555.0
PETUN,2020/12,4CAI,Sabit Sermaye Yatırımları,Capital Expenditures (CapEx),-4310355.0
PETUN,2020/12,4CAJ,Diğer Yatırım Faaliyetlerinden Nakit,Cash from Other Investment Operations,-9110502.0
PETUN,2020/12,4CAK,Yatırım Faaliyetlerinden Kaynaklanan Nakit,Cash from Investment Operations,-13420857.0
PETUN,2020/12,4CB,Serbest Nakit Akım,Free Cash Flow,-6252469.0
PETUN,2020/12,4CBA,Finansal Borçlardaki Değişim,Change in Financial Debt,10458541.0
PETUN,2020/12,4CBB,Temettü Ödemeleri,Dividends Paid,-4621540.0
PETUN,2020/12,4CBC,Sermaye Artırımı,Rights Issue,0.0
PETUN,2020/12,4CBD,Diğer Finansman Faaliyetlerinden Nakit,Cash from Other Financial Operations,-856097.0
PETUN,2020/12,4CBE,Finansman Faaliyetlerden Kaynaklanan Nakit,Cash from Financial Operations,4980904.0
PETUN,2020/12,4CBF,Yab. Para Çev. Fark. Etk. Önc.Nak.Ve Nak. Benz. Net Artış/Azalış,Cash Net Inc. / Dec. before For.Cur. Trans. Dif.,-1271565.0
PETUN,2020/12,4CBG,Yab.ı Para Çevrim Fark. Nakit Ve Nakit Benz. Üzerindeki Etkisi,Foreign Curr. Trans.Diff.Cash and Cash Benz. Imp.,38085.0
PETUN,2020/12,4CBH,Diğer Nakit Girişi/Çıkışı,Other Cash Inflow/Outflow,0.0
PETUN,2020/12,4CBI,Nakit ve Benzerlerindeki Değişim,Change in Cash & Cash Equivalents,-1233480.0
PETUN,2020/12,4CBJ,Diğer Nakit ve Nakit Benzerlerindeki Artış,Other Cash & Cash Equivalents Change,0.0
PETUN,2020/12,4CBK,Dönem Başı Nakit Değerler,Cash at the beginning of the Quarter,4488626.0
PETUN,2020/12,4CBL,Dönem Sonu Nakit,Cash at the End of the Quarter,3255146.0
PETUN,2020/3,1A,Dönen Varlıklar,CURRENT ASSETS,44139065.0
PETUN,2020/3,1AA,Nakit ve Nakit Benzerleri,Cash and Cash Equivalents,4672059.0
PETUN,2020/3,1AB,Finansal Yatırımlar,Short-Term Financial Investments,0.0
PETUN,2020/3,1AC,Ticari Alacaklar,Short-Term Trade Receivables,20016096.0
PETUN,2020/3,1AD,Finans Sektörü Faaliyetlerinden Alacaklar,Short-Term Receivables from Financial Operations,0.0
PETUN,2020/3,1AE,Diğer Alacaklar,Short-Term Other Receivables,7768602.0
PETUN,2020/3,1AEA,Müşteri Sözleşmelerinden Doğan Varlıklar,nan,0.0
PETUN,2020/3,1AF,Stoklar,Inventories,9565599.0
PETUN,2020/3,1AG,Canlı Varlıklar,Short-Term Live Assets,1734101.0
PETUN,2020/3,1AH,Diğer Dönen Varlıklar,Other Current Assets,382607.0
PETUN,2020/3,1AI,(Ara Toplam),(Subtotal),44139065.0
PETUN,2020/3,1AJ,Satış Amacıyla Elde Tutulan Duran Varlıklar,Assets to be Sold,0.0
PETUN,2020/3,1AK,Duran Varlıklar,LONG TERM ASSETS,93291232.0
PETUN,2020/3,1B,Ticari Alacaklar,Trade Receivables,0.0
PETUN,2020/3,1BA,Finans Sektörü Faaliyetlerinden Alacaklar,Long-Term Receivables from Financial Operations,0.0
PETUN,2020/3,1BB,Diğer Alacaklar,Other Receivables,0.0
PETUN,2020/3,1BBA,Müşteri Sözleşmelerinden Doğan Varlıklar,nan,0.0
PETUN,2020/3,1BC,Finansal Yatırımlar,Financial Investments,230676.0
PETUN,2020/3,1BD,Özkaynak Yöntemiyle Değerlenen Yatırımlar,Investments with Equity Method,36263776.0
PETUN,2020/3,1BE,Canlı Varlıklar,Long-Term Live Assets,0.0
PETUN,2020/3,1BF,Yatırım Amaçlı Gayrimenkuller,Real Estate Investments,3208235.0
PETUN,2020/3,1BFA,Stoklar,Stoklar,0.0
PETUN,2020/3,1BFAA,Kullanım Hakkı Varlıkları,nan,239362.0
PETUN,2020/3,1BG,Maddi Duran Varlıklar,Tangible Fixed Assets,52924440.0
PETUN,2020/3,1BGA,Şerefiye,Goodwill,0.0
PETUN,2020/3,1BH,Maddi Olmayan Duran Varlıklar,Intangible Fixed Assets,424080.0
PETUN,2020/3,1BJ,Ertelenmiş Vergi Varlığı,Long Term Deffered Tax Assets,0.0
PETUN,2020/3,1BK,Diğer Duran Varlıklar,Other Long-Term Assets,663.0
PETUN,2020/3,1BL,TOPLAM VARLIKLAR,TOTAL ASSETS,137430297.0
PETUN,2020/3,1BM,KAYNAKLAR,LIABILITIES,0.0
PETUN,2020/3,2A,Kısa Vadeli Yükümlülükler,SHORT TERM LIABILITIES,31302791.0
PETUN,2020/3,2AA,Finansal Borçlar,Short-Term Financial Loans,4284762.0
PETUN,2020/3,2AAG,Diğer Finansal Yükümlülükler,Other Short-Term Financial Liabilities,549599.0
PETUN,2020/3,2AAGAA,Ticari Borçlar,Short-Term Trade Payables,17471129.0
PETUN,2020/3,2AAGAB,Diğer Borçlar,Other Short-Term Loans,7340499.0
PETUN,2020/3,2AAGAC,Müşteri Söz. Doğan Yük.,nan,0.0
PETUN,2020/3,2AAGB,Finans Sektörü Faaliyetlerinden Borçlar,Short-Term Loans from Financial Operations,0.0
PETUN,2020/3,2AAGC,Devlet Teşvik ve Yardımları,Short-Term Government Promotions and Aids,0.0
PETUN,2020/3,2AAGCA,Ertelenmiş Gelirler (Müşteri Söz. Doğan Yük. Dış.Kal.),nan,672360.0
PETUN,2020/3,2AAGD,Dönem Karı Vergi Yükümlülüğü,Taxation Liabilities on Income (-),0.0
PETUN,2020/3,2AAGE,Borç Karşılıkları,Short-Term Provisions,152366.0
PETUN,2020/3,2AAGF,Diğer Kısa Vadeli Yükümlülükler,Other Short-Term Liabilities,832076.0
PETUN,2020/3,2AAGG,(Ara Toplam),(Subtotal),31302791.0
PETUN,2020/3,2AAGH,Satış Amaçlı Elde Tutulan Duran Varlıklara İlişkin Yükümlülükler,Liabilities on Assets to be Sold,0.0
PETUN,2020/3,2B,Uzun Vadeli Yükümlülükler,LONG TERM LIABILITIES,9088868.0
PETUN,2020/3,2BA,Finansal Borçlar,Long-Term Financial Loans,115991.0
PETUN,2020/3,2BB,Diğer Finansal Yükümlülükler,Other Short-Term Financial Liabilities,0.0
PETUN,2020/3,2BBA,Ticari Borçlar,Long-Term Trade Payables,0.0
PETUN,2020/3,2BBB,Diğer Borçlar,Other Long-Term Loans,0.0
PETUN,2020/3,2BBBA,Müşteri Söz.Doğan Yük.,nan,0.0
PETUN,2020/3,2BC,Finans Sektörü Faaliyetlerinden Borçlar,Long-Term Loans from Financial Operations,0.0
PETUN,2020/3,2BD,Devlet Teşvik ve Yardımları,Long-Term Government Promotions and Aids,0.0
PETUN,2020/3,2BDA,Ertelenmiş Gelirler (Müşteri Söz.Doğan Yük. Dış.Kal.),nan,0.0
PETUN,2020/3,2BE,Uzun vadeli karşılıklar,Long-Term Provisions,4867219.0
PETUN,2020/3,2BF,Çalışanlara Sağlanan Faydalara İliş.Karş.,Provisions for Retirment Pay,0.0
PETUN,2020/3,2BG,Ertelenmiş Vergi Yükümlülüğü,Deferred Tax Liabilities,4105658.0
PETUN,2020/3,2BH,Diğer Uzun Vadeli Yükümlülükler,Other Long-Term Liabilities,0.0
PETUN,2020/3,2N,Özkaynaklar,SHAREHOLDERS EQUITY,97038638.0
PETUN,2020/3,2O,Ana Ortaklığa Ait Özkaynaklar,Parent Shareholders Capital,97038638.0
PETUN,2020/3,2OA,Ödenmiş Sermaye,Share Capital,6584365.0
PETUN,2020/3,2OC,Karşılıklı İştirak Sermayesi Düzeltmesi (-),Adjustments to Share Capital,0.0
PETUN,2020/3,2OCA,Hisse Senedi İhraç Primleri,Premium in Excess of Par,0.0
PETUN,2020/3,2OCB,Değer Artış Fonları,Market Value Surpluses,0.0
PETUN,2020/3,2OCC,Yabancı Para Çevrim Farkları,FX Translation Differences,0.0
PETUN,2020/3,2OCD,Kardan Ayrılan Kısıtlanmış Yedekler,Income Reserves,7519753.0
PETUN,2020/3,2OCE,Geçmiş Yıllar Kar/Zararları,Retained Earnings /(Acc. Losses),30911952.0
PETUN,2020/3,2OCF,Dönem Net Kar/Zararı,Current Year Income /(Losses),3796515.0
PETUN,2020/3,2OD,Diğer Özsermaye Kalemleri,Other Sholders Equity Items,48226052.0
PETUN,2020/3,2ODA,Azınlık Payları,Minority Interests,0.0
PETUN,2020/3,2ODB,TOPLAM KAYNAKLAR,TOTAL LIABILITIES AND S.HOLDERS EQUITY,137430297.0
PETUN,2020/3,3B,Sürdürülen Faaliyetler,Continuing Operations,0.0
PETUN,2020/3,3C,Satış Gelirleri,Net Sales,32087160.0
PETUN,2020/3,3CA,Satışların Maliyeti (-),Cost Of Sales,-25770807.0
PETUN,2020/3,3CAA,Ticari Faaliyetlerden Diğer Kar (Zarar),Other Profit (Loss) from Trade Operations,0.0
PETUN,2020/3,3CAB,Ticari Faaliyetlerden Brüt Kar (Zarar),Gross Profit (Loss) from Trade Operations,6316353.0
PETUN,2020/3,3CAC,"Faiz, Ücret, Prim, Komisyon ve Diğer Gelirler","Proceeds from Interest, Fee, Premium, Commission and Other",0.0
PETUN,2020/3,3CAD,"Faiz, Ücret, Prim, Komisyon ve Diğer Giderler (-)","Expenses from Interest, Fee, Premium, Commission and Other",0.0
PETUN,2020/3,3CAE,Finans Sektörü Faaliyetlerinden Diğer Kar (Zarar),Other Profit (Loss) from Financial Operations,0.0
PETUN,2020/3,3CAF,Finans Sektörü Faaliyetlerinden Brüt Kar (Zarar),Gross Profit (Loss) from Financial Operations,0.0
PETUN,2020/3,3CB,Diğer Gelir ve Giderler,Other Income (Expenses),-28401.0
PETUN,2020/3,3D,BRÜT KAR (ZARAR),GROSS PROFIT (LOSS),6287953.0
PETUN,2020/3,3DA,"Pazarlama, Satış ve Dağıtım Giderleri (-)",Marketing Selling & Distrib. Expenses (-),-1514643.0
PETUN,2020/3,3DB,Genel Yönetim Giderleri (-),General Administrative Expenses (-),-1038787.0
PETUN,2020/3,3DC,Araştırma ve Geliştirme Giderleri (-),Research & Development Expenses (-),-125088.0
PETUN,2020/3,3DD,Diğer Faaliyet Gelirleri,Income from Other Operations,254456.0
PETUN,2020/3,3DE,Diğer Faaliyet Giderleri (-),Expenses from Other Operations (-),-264416.0
PETUN,2020/3,3DEA,Faaliyet Karı Öncesi Diğer Gelir ve Giderler,Other Income (Expenses) Before Operating Profits,0.0
PETUN,2020/3,3DF,FAALİYET KARI (ZARARI),OPERATING PROFITS,3599474.0
PETUN,2020/3,3H,Net Faaliyet Kar/Zararı,Net Operating Profits,3609434.0
PETUN,2020/3,3HA,Yatırım Faaliyetlerinden Gelirler,nan,50468.0
PETUN,2020/3,3HAA,Yatırım Faaliyetlerinden Giderler (-),nan,0.0
PETUN,2020/3,3HAB,Diğer Gelir ve Giderler,nan,0.0
PETUN,2020/3,3HAC,Özkaynak Yöntemiyle Değerlenen Yatırımların Kar/Zararlarındaki Paylar,Profit (Loss) from Subsidiaries,191774.0
PETUN,2020/3,3HACA,Finansman Gideri Öncesi Faaliyet Karı/Zararı,nan,3841715.0
PETUN,2020/3,3HB,(Esas Faaliyet Dışı) Finansal Gelirler,Financial Income (from Other Operations),288446.0
PETUN,2020/3,3HC,(Esas Faaliyet Dışı) Finansal Giderler (-),Financial Expenses (from Other Operations) (-),-213712.0
PETUN,2020/3,3HCA,Vergi Öncesi Diğer Gelir ve Giderler,Other Income (Expenses) Before Tax,50468.0
PETUN,2020/3,3I,SÜRDÜRÜLEN FAALİYETLER VERGİ ÖNCESİ KARI (ZARARI),PROFIT BEFORE TAX FROM CONTINUING OPERATIONS,3916449.0
PETUN,2020/3,3IA,Sürdürülen Faaliyetler Vergi Geliri (Gideri),Taxation on Continuing Operations,169902.0
PETUN,2020/3,3IB,Dönem Vergi Geliri (Gideri),Taxation on Income (Expenses),-10218.0
PETUN,2020/3,3IC,Ertelenmiş Vergi Geliri (Gideri),Income (Expenses) of Deferred Tax,180120.0
PETUN,2020/3,3ID,Diğer Vergi Geliri (Gideri),Other Taxation Income (Expenses),0.0
PETUN,2020/3,3J,SÜRDÜRÜLEN FAALİYETLER DÖNEM KARI/ZARARI,PROFIT FROM CONTINUING OPERATIONS,4086351.0
PETUN,2020/3,3K,DURDURULAN FAALİYETLER,DISCONTINUED OPERATIONS,0.0
PETUN,2020/3,3KA,Durdurulan Faaliyetler Vergi Sonrası Dönem Karı (Zararı),Profit After Taxes from Discontinued Operations,0.0
PETUN,2020/3,3L,DÖNEM KARI (ZARARI),NET PROFIT AFTER TAXES,4086351.0
PETUN,2020/3,3LA,Dönem Kar/Zararının Dağılımı,Distrubition of Profit (Loss),0.0
PETUN,2020/3,3LB,Azınlık Payları,Minority Interests,0.0
PETUN,2020/3,3Z,Ana Ortaklık Payları,Parent Shares,4086351.0
PETUN,2020/3,3ZD,Hisse Başına Kazanç,Earnings per Share,0.0
PETUN,2020/3,3ZE,Seyreltilmiş Hisse Başına Kazanç,Diluted Earnings per Share,0.0
PETUN,2020/3,3ZF,Sürdürülen Faaliyetlerden Hisse Başına Kazanç,Earnings per Share from Continuing Operations,0.0
PETUN,2020/3,3ZG,Sürdürülen Faaliyetlerden Seyreltilmiş Hisse Başına Kazanç,Earnings per Share from Discontinued Operations,0.0
PETUN,2020/3,4B,Amortisman Giderleri,Depreciation & Amortization,762986.0
PETUN,2020/3,4BA,Kıdem Tazminatı,Severance Payments,297830.0
PETUN,2020/3,4BB,Finansman Giderleri,Financial Expenses,-213712.0
PETUN,2020/3,4BC,Yurtiçi Satışlar,Domestic Sales,36947577.0
PETUN,2020/3,4BD,Yurtdışı Satışlar,Export Sales,1654022.0
PETUN,2020/3,4BE,Net Yabancı Para Pozisyonu,Net Fx Position,1457823.0
PETUN,2020/3,4BEA,Parasal net yabancı para varlık/(yükümlülük) pozisyonu,Parasal net yabancı para varlık/(yükümlülük) pozisyonu,1455288.0
PETUN,2020/3,4BEB,Net YPP (Hedge Dahil),Net YPP (Hedge Dahil),1457823.0
PETUN,2020/3,4C,İşletme Faaliyetlerinden Kaynaklanan Net Nakit,Net Cash from Operations,3483149.0
PETUN,2020/3,4CA,Düzeltme Öncesi Kar,Earnings Before Adjustments,4086351.0
PETUN,2020/3,4CAA,Düzeltmeler:,Adjustments:,695564.0
PETUN,2020/3,4CAB,Amortisman & İtfa Payları,Depreciation & Amortisation,762986.0
PETUN,2020/3,4CAC,Karşılıklardaki Değişim,Change in Provisions,537023.0
PETUN,2020/3,4CAD,Diğer Gelir/ Gider,Other Income / Expense,-604445.0
PETUN,2020/3,4CAE,İşletme Sermayesinde Değişikler Öncesi Faaliyet Karı (+),Operating Profit Before Changes in Working Capital (+),4781915.0
PETUN,2020/3,4CAF,İşletme Sermayesindeki Değişiklikler,Change in Working Capital,-743118.0
PETUN,2020/3,4CAG,Esas Faaliyet ile İlgili Oluşan Nakit (+),Cash from Core Operations (+),4038797.0
PETUN,2020/3,4CAH,Diğer İşletme Faaliyetlerinden Nakit,Cash from Other Operations,-555648.0
PETUN,2020/3,4CAI,Sabit Sermaye Yatırımları,Capital Expenditures (CapEx),-292698.0
PETUN,2020/3,4CAJ,Diğer Yatırım Faaliyetlerinden Nakit,Cash from Other Investment Operations,-6183318.0
PETUN,2020/3,4CAK,Yatırım Faaliyetlerinden Kaynaklanan Nakit,Cash from Investment Operations,-6476016.0
PETUN,2020/3,4CB,Serbest Nakit Akım,Free Cash Flow,-2992867.0
PETUN,2020/3,4CBA,Finansal Borçlardaki Değişim,Change in Financial Debt,3605705.0
PETUN,2020/3,4CBB,Temettü Ödemeleri,Dividends Paid,-662339.0
PETUN,2020/3,4CBC,Sermaye Artırımı,Rights Issue,0.0
PETUN,2020/3,4CBD,Diğer Finansman Faaliyetlerinden Nakit,Cash from Other Financial Operations,-120621.0
PETUN,2020/3,4CBE,Finansman Faaliyetlerden Kaynaklanan Nakit,Cash from Financial Operations,2822745.0
PETUN,2020/3,4CBF,Yab. Para Çev. Fark. Etk. Önc.Nak.Ve Nak. Benz. Net Artış/Azalış,Cash Net Inc. / Dec. before For.Cur. Trans. Dif.,-170123.0
PETUN,2020/3,4CBG,Yab.ı Para Çevrim Fark. Nakit Ve Nakit Benz. Üzerindeki Etkisi,Foreign Curr. Trans.Diff.Cash and Cash Benz. Imp.,40130.0
PETUN,2020/3,4CBH,Diğer Nakit Girişi/Çıkışı,Other Cash Inflow/Outflow,0.0
PETUN,2020/3,4CBI,Nakit ve Benzerlerindeki Değişim,Change in Cash & Cash Equivalents,-129992.0
PETUN,2020/3,4CBJ,Diğer Nakit ve Nakit Benzerlerindeki Artış,Other Cash & Cash Equivalents Change,0.0
PETUN,2020/3,4CBK,Dönem Başı Nakit Değerler,Cash at the beginning of the Quarter,5158728.0
PETUN,2020/3,4CBL,Dönem Sonu Nakit,Cash at the End of the Quarter,5028736.0
PETUN,2020/6,1A,Dönen Varlıklar,CURRENT ASSETS,49249587.0
PETUN,2020/6,1AA,Nakit ve Nakit Benzerleri,Cash and Cash Equivalents,7705471.0
PETUN,2020/6,1AB,Finansal Yatırımlar,Short-Term Financial Investments,0.0
PETUN,2020/6,1AC,Ticari Alacaklar,Short-Term Trade Receivables,20708102.0
PETUN,2020/6,1AD,Finans Sektörü Faaliyetlerinden Alacaklar,Short-Term Receivables from Financial Operations,0.0
PETUN,2020/6,1AE,Diğer Alacaklar,Short-Term Other Receivables,7347599.0
PETUN,2020/6,1AEA,Müşteri Sözleşmelerinden Doğan Varlıklar,nan,0.0
PETUN,2020/6,1AF,Stoklar,Inventories,11328025.0
PETUN,2020/6,1AG,Canlı Varlıklar,Short-Term Live Assets,1800990.0
PETUN,2020/6,1AH,Diğer Dönen Varlıklar,Other Current Assets,359400.0
PETUN,2020/6,1AI,(Ara Toplam),(Subtotal),49249587.0
PETUN,2020/6,1AJ,Satış Amacıyla Elde Tutulan Duran Varlıklar,Assets to be Sold,0.0
PETUN,2020/6,1AK,Duran Varlıklar,LONG TERM ASSETS,95255368.0
PETUN,2020/6,1B,Ticari Alacaklar,Trade Receivables,0.0
PETUN,2020/6,1BA,Finans Sektörü Faaliyetlerinden Alacaklar,Long-Term Receivables from Financial Operations,0.0
PETUN,2020/6,1BB,Diğer Alacaklar,Other Receivables,0.0
PETUN,2020/6,1BBA,Müşteri Sözleşmelerinden Doğan Varlıklar,nan,0.0
PETUN,2020/6,1BC,Finansal Yatırımlar,Financial Investments,273641.0
PETUN,2020/6,1BD,Özkaynak Yöntemiyle Değerlenen Yatırımlar,Investments with Equity Method,39336425.0
PETUN,2020/6,1BE,Canlı Varlıklar,Long-Term Live Assets,0.0
PETUN,2020/6,1BF,Yatırım Amaçlı Gayrimenkuller,Real Estate Investments,3080009.0
PETUN,2020/6,1BFA,Stoklar,Stoklar,0.0
PETUN,2020/6,1BFAA,Kullanım Hakkı Varlıkları,nan,607691.0
PETUN,2020/6,1BG,Maddi Duran Varlıklar,Tangible Fixed Assets,50970242.0
PETUN,2020/6,1BGA,Şerefiye,Goodwill,0.0
PETUN,2020/6,1BH,Maddi Olmayan Duran Varlıklar,Intangible Fixed Assets,434880.0
PETUN,2020/6,1BJ,Ertelenmiş Vergi Varlığı,Long Term Deffered Tax Assets,0.0
PETUN,2020/6,1BK,Diğer Duran Varlıklar,Other Long-Term Assets,552480.0
PETUN,2020/6,1BL,TOPLAM VARLIKLAR,TOTAL ASSETS,144504955.0
PETUN,2020/6,1BM,KAYNAKLAR,LIABILITIES,0.0
PETUN,2020/6,2A,Kısa Vadeli Yükümlülükler,SHORT TERM LIABILITIES,34605890.0
PETUN,2020/6,2AA,Finansal Borçlar,Short-Term Financial Loans,4429067.0
PETUN,2020/6,2AAG,Diğer Finansal Yükümlülükler,Other Short-Term Financial Liabilities,492063.0
PETUN,2020/6,2AAGAA,Ticari Borçlar,Short-Term Trade Payables,21551601.0
PETUN,2020/6,2AAGAB,Diğer Borçlar,Other Short-Term Loans,6947417.0
PETUN,2020/6,2AAGAC,Müşteri Söz. Doğan Yük.,nan,0.0
PETUN,2020/6,2AAGB,Finans Sektörü Faaliyetlerinden Borçlar,Short-Term Loans from Financial Operations,0.0
PETUN,2020/6,2AAGC,Devlet Teşvik ve Yardımları,Short-Term Government Promotions and Aids,0.0
PETUN,2020/6,2AAGCA,Ertelenmiş Gelirler (Müşteri Söz. Doğan Yük. Dış.Kal.),nan,82899.0
PETUN,2020/6,2AAGD,Dönem Karı Vergi Yükümlülüğü,Taxation Liabilities on Income (-),101713.0
PETUN,2020/6,2AAGE,Borç Karşılıkları,Short-Term Provisions,148773.0
PETUN,2020/6,2AAGF,Diğer Kısa Vadeli Yükümlülükler,Other Short-Term Liabilities,852356.0
PETUN,2020/6,2AAGG,(Ara Toplam),(Subtotal),34605890.0
PETUN,2020/6,2AAGH,Satış Amaçlı Elde Tutulan Duran Varlıklara İlişkin Yükümlülükler,Liabilities on Assets to be Sold,0.0
PETUN,2020/6,2B,Uzun Vadeli Yükümlülükler,LONG TERM LIABILITIES,9415703.0
PETUN,2020/6,2BA,Finansal Borçlar,Long-Term Financial Loans,457080.0
PETUN,2020/6,2BB,Diğer Finansal Yükümlülükler,Other Short-Term Financial Liabilities,0.0
PETUN,2020/6,2BBA,Ticari Borçlar,Long-Term Trade Payables,0.0
PETUN,2020/6,2BBB,Diğer Borçlar,Other Long-Term Loans,0.0
PETUN,2020/6,2BBBA,Müşteri Söz.Doğan Yük.,nan,0.0
PETUN,2020/6,2BC,Finans Sektörü Faaliyetlerinden Borçlar,Long-Term Loans from Financial Operations,0.0
PETUN,2020/6,2BD,Devlet Teşvik ve Yardımları,Long-Term Government Promotions and Aids,0.0
PETUN,2020/6,2BDA,Ertelenmiş Gelirler (Müşteri Söz.Doğan Yük. Dış.Kal.),nan,0.0
PETUN,2020/6,2BE,Uzun vadeli karşılıklar,Long-Term Provisions,5179997.0
PETUN,2020/6,2BF,Çalışanlara Sağlanan Faydalara İliş.Karş.,Provisions for Retirment Pay,0.0
PETUN,2020/6,2BG,Ertelenmiş Vergi Yükümlülüğü,Deferred Tax Liabilities,3778626.0
PETUN,2020/6,2BH,Diğer Uzun Vadeli Yükümlülükler,Other Long-Term Liabilities,0.0
PETUN,2020/6,2N,Özkaynaklar,SHAREHOLDERS EQUITY,100483362.0
PETUN,2020/6,2O,Ana Ortaklığa Ait Özkaynaklar,Parent Shareholders Capital,100483362.0
PETUN,2020/6,2OA,Ödenmiş Sermaye,Share Capital,6321202.0
PETUN,2020/6,2OC,Karşılıklı İştirak Sermayesi Düzeltmesi (-),Adjustments to Share Capital,0.0
PETUN,2020/6,2OCA,Hisse Senedi İhraç Primleri,Premium in Excess of Par,0.0
PETUN,2020/6,2OCB,Değer Artış Fonları,Market Value Surpluses,0.0
PETUN,2020/6,2OCC,Yabancı Para Çevrim Farkları,FX Translation Differences,0.0
PETUN,2020/6,2OCD,Kardan Ayrılan Kısıtlanmış Yedekler,Income Reserves,7219204.0
PETUN,2020/6,2OCE,Geçmiş Yıllar Kar/Zararları,Retained Earnings /(Acc. Losses),29928706.0
PETUN,2020/6,2OCF,Dönem Net Kar/Zararı,Current Year Income /(Losses),6532726.0
PETUN,2020/6,2OD,Diğer Özsermaye Kalemleri,Other Sholders Equity Items,50481523.0
PETUN,2020/6,2ODA,Azınlık Payları,Minority Interests,0.0
PETUN,2020/6,2ODB,TOPLAM KAYNAKLAR,TOTAL LIABILITIES AND S.HOLDERS EQUITY,144504955.0
PETUN,2020/6,3B,Sürdürülen Faaliyetler,Continuing Operations,0.0
PETUN,2020/6,3C,Satış Gelirleri,Net Sales,61847814.0
PETUN,2020/6,3CA,Satışların Maliyeti (-),Cost Of Sales,-50353416.0
PETUN,2020/6,3CAA,Ticari Faaliyetlerden Diğer Kar (Zarar),Other Profit (Loss) from Trade Operations,0.0
PETUN,2020/6,3CAB,Ticari Faaliyetlerden Brüt Kar (Zarar),Gross Profit (Loss) from Trade Operations,11494398.0
PETUN,2020/6,3CAC,"Faiz, Ücret, Prim, Komisyon ve Diğer Gelirler","Proceeds from Interest, Fee, Premium, Commission and Other",0.0
PETUN,2020/6,3CAD,"Faiz, Ücret, Prim, Komisyon ve Diğer Giderler (-)","Expenses from Interest, Fee, Premium, Commission and Other",0.0
PETUN,2020/6,3CAE,Finans Sektörü Faaliyetlerinden Diğer Kar (Zarar),Other Profit (Loss) from Financial Operations,0.0
PETUN,2020/6,3CAF,Finans Sektörü Faaliyetlerinden Brüt Kar (Zarar),Gross Profit (Loss) from Financial Operations,0.0
PETUN,2020/6,3CB,Diğer Gelir ve Giderler,Other Income (Expenses),20438.0
PETUN,2020/6,3D,BRÜT KAR (ZARAR),GROSS PROFIT (LOSS),11514837.0
PETUN,2020/6,3DA,"Pazarlama, Satış ve Dağıtım Giderleri (-)",Marketing Selling & Distrib. Expenses (-),-2943542.0
PETUN,2020/6,3DB,Genel Yönetim Giderleri (-),General Administrative Expenses (-),-2030736.0
PETUN,2020/6,3DC,Araştırma ve Geliştirme Giderleri (-),Research & Development Expenses (-),-242055.0
PETUN,2020/6,3DD,Diğer Faaliyet Gelirleri,Income from Other Operations,383361.0
PETUN,2020/6,3DE,Diğer Faaliyet Giderleri (-),Expenses from Other Operations (-),-521580.0
PETUN,2020/6,3DEA,Faaliyet Karı Öncesi Diğer Gelir ve Giderler,Other Income (Expenses) Before Operating Profits,0.0
PETUN,2020/6,3DF,FAALİYET KARI (ZARARI),OPERATING PROFITS,6160285.0
PETUN,2020/6,3H,Net Faaliyet Kar/Zararı,Net Operating Profits,6298504.0
PETUN,2020/6,3HA,Yatırım Faaliyetlerinden Gelirler,nan,261585.0
PETUN,2020/6,3HAA,Yatırım Faaliyetlerinden Giderler (-),nan,0.0
PETUN,2020/6,3HAB,Diğer Gelir ve Giderler,nan,0.0
PETUN,2020/6,3HAC,Özkaynak Yöntemiyle Değerlenen Yatırımların Kar/Zararlarındaki Paylar,Profit (Loss) from Subsidiaries,468283.0
PETUN,2020/6,3HACA,Finansman Gideri Öncesi Faaliyet Karı/Zararı,nan,6890154.0
PETUN,2020/6,3HB,(Esas Faaliyet Dışı) Finansal Gelirler,Financial Income (from Other Operations),409442.0
PETUN,2020/6,3HC,(Esas Faaliyet Dışı) Finansal Giderler (-),Financial Expenses (from Other Operations) (-),-522477.0
PETUN,2020/6,3HCA,Vergi Öncesi Diğer Gelir ve Giderler,Other Income (Expenses) Before Tax,261585.0
PETUN,2020/6,3I,SÜRDÜRÜLEN FAALİYETLER VERGİ ÖNCESİ KARI (ZARARI),PROFIT BEFORE TAX FROM CONTINUING OPERATIONS,6777119.0
PETUN,2020/6,3IA,Sürdürülen Faaliyetler Vergi Geliri (Gideri),Taxation on Continuing Operations,134070.0
PETUN,2020/6,3IB,Dönem Vergi Geliri (Gideri),Taxation on Income (Expenses),-143460.0
PETUN,2020/6,3IC,Ertelenmiş Vergi Geliri (Gideri),Income (Expenses) of Deferred Tax,277530.0
PETUN,2020/6,3ID,Diğer Vergi Geliri (Gideri),Other Taxation Income (Expenses),0.0
PETUN,2020/6,3J,SÜRDÜRÜLEN FAALİYETLER DÖNEM KARI/ZARARI,PROFIT FROM CONTINUING OPERATIONS,6911189.0
PETUN,2020/6,3K,DURDURULAN FAALİYETLER,DISCONTINUED OPERATIONS,0.0
PETUN,2020/6,3KA,Durdurulan Faaliyetler Vergi Sonrası Dönem Karı (Zararı),Profit After Taxes from Discontinued Operations,0.0
PETUN,2020/6,3L,DÖNEM KARI (ZARARI),NET PROFIT AFTER TAXES,6911189.0
PETUN,2020/6,3LA,Dönem Kar/Zararının Dağılımı,Distrubition of Profit (Loss),0.0
PETUN,2020/6,3LB,Azınlık Payları,Minority Interests,0.0
PETUN,2020/6,3Z,Ana Ortaklık Payları,Parent Shares,6911189.0
PETUN,2020/6,3ZD,Hisse Başına Kazanç,Earnings per Share,0.0
PETUN,2020/6,3ZE,Seyreltilmiş Hisse Başına Kazanç,Diluted Earnings per Share,0.0
PETUN,2020/6,3ZF,Sürdürülen Faaliyetlerden Hisse Başına Kazanç,Earnings per Share from Continuing Operations,0.0
PETUN,2020/6,3ZG,Sürdürülen Faaliyetlerden Seyreltilmiş Hisse Başına Kazanç,Earnings per Share from Discontinued Operations,0.0
PETUN,2020/6,4B,Amortisman Giderleri,Depreciation & Amortization,1335735.0
PETUN,2020/6,4BA,Kıdem Tazminatı,Severance Payments,572988.0
PETUN,2020/6,4BB,Finansman Giderleri,Financial Expenses,-522477.0
PETUN,2020/6,4BC,Yurtiçi Satışlar,Domestic Sales,71693268.0
PETUN,2020/6,4BD,Yurtdışı Satışlar,Export Sales,3033230.0
PETUN,2020/6,4BE,Net Yabancı Para Pozisyonu,Net Fx Position,1685846.0
PETUN,2020/6,4BEA,Parasal net yabancı para varlık/(yükümlülük) pozisyonu,Parasal net yabancı para varlık/(yükümlülük) pozisyonu,1676225.0
PETUN,2020/6,4BEB,Net YPP (Hedge Dahil),Net YPP (Hedge Dahil),1685846.0
PETUN,2020/6,4C,İşletme Faaliyetlerinden Kaynaklanan Net Nakit,Net Cash from Operations,6429891.0
PETUN,2020/6,4CA,Düzeltme Öncesi Kar,Earnings Before Adjustments,6911189.0
PETUN,2020/6,4CAA,Düzeltmeler:,Adjustments:,1129969.0
PETUN,2020/6,4CAB,Amortisman & İtfa Payları,Depreciation & Amortisation,1335735.0
PETUN,2020/6,4CAC,Karşılıklardaki Değişim,Change in Provisions,959635.0
PETUN,2020/6,4CAD,Diğer Gelir/ Gider,Other Income / Expense,-1165400.0
PETUN,2020/6,4CAE,İşletme Sermayesinde Değişikler Öncesi Faaliyet Karı (+),Operating Profit Before Changes in Working Capital (+),8041158.0
PETUN,2020/6,4CAF,İşletme Sermayesindeki Değişiklikler,Change in Working Capital,-982679.0
PETUN,2020/6,4CAG,Esas Faaliyet ile İlgili Oluşan Nakit (+),Cash from Core Operations (+),7058479.0
PETUN,2020/6,4CAH,Diğer İşletme Faaliyetlerinden Nakit,Cash from Other Operations,-628589.0
PETUN,2020/6,4CAI,Sabit Sermaye Yatırımları,Capital Expenditures (CapEx),-1157646.0
PETUN,2020/6,4CAJ,Diğer Yatırım Faaliyetlerinden Nakit,Cash from Other Investment Operations,-4956150.0
PETUN,2020/6,4CAK,Yatırım Faaliyetlerinden Kaynaklanan Nakit,Cash from Investment Operations,-6113796.0
PETUN,2020/6,4CB,Serbest Nakit Akım,Free Cash Flow,316095.0
PETUN,2020/6,4CBA,Finansal Borçlardaki Değişim,Change in Financial Debt,3653297.0
PETUN,2020/6,4CBB,Temettü Ödemeleri,Dividends Paid,-624992.0
PETUN,2020/6,4CBC,Sermaye Artırımı,Rights Issue,0.0
PETUN,2020/6,4CBD,Diğer Finansman Faaliyetlerinden Nakit,Cash from Other Financial Operations,-145677.0
PETUN,2020/6,4CBE,Finansman Faaliyetlerden Kaynaklanan Nakit,Cash from Financial Operations,2882628.0
PETUN,2020/6,4CBF,Yab. Para Çev. Fark. Etk. Önc.Nak.Ve Nak. Benz. Net Artış/Azalış,Cash Net Inc. / Dec. before For.Cur. Trans. Dif.,3198723.0
PETUN,2020/6,4CBG,Yab.ı Para Çevrim Fark. Nakit Ve Nakit Benz. Üzerindeki Etkisi,Foreign Curr. Trans.Diff.Cash and Cash Benz. Imp.,85314.0
PETUN,2020/6,4CBH,Diğer Nakit Girişi/Çıkışı,Other Cash Inflow/Outflow,0.0
PETUN,2020/6,4CBI,Nakit ve Benzerlerindeki Değişim,Change in Cash & Cash Equivalents,3284036.0
PETUN,2020/6,4CBJ,Diğer Nakit ve Nakit Benzerlerindeki Artış,Other Cash & Cash Equivalents Change,0.0
PETUN,2020/6,4CBK,Dönem Başı Nakit Değerler,Cash at the beginning of the Quarter,4867839.0
PETUN,2020/6,4CBL,Dönem Sonu Nakit,Cash at the End of the Quarter,8151875.0
PETUN,2020/9,1A,Dönen Varlıklar,CURRENT ASSETS,43285865.0
PETUN,2020/9,1AA,Nakit ve Nakit Benzerleri,Cash and Cash Equivalents,5939756.0
PETUN,2020/9,1AB,Finansal Yatırımlar,Short-Term Financial Investments,0.0
PETUN,2020/9,1AC,Ticari Alacaklar,Short-Term Trade Receivables,18239711.0
PETUN,2020/9,1AD,Finans Sektörü Faaliyetlerinden Alacaklar,Short-Term Receivables from Financial Operations,0.0
PETUN,2020/9,1AE,Diğer Alacaklar,Short-Term Other Receivables,4820987.0
PETUN,2020/9,1AEA,Müşteri Sözleşmelerinden Doğan Varlıklar,nan,0.0
PETUN,2020/9,1AF,Stoklar,Inventories,12249756.0
PETUN,2020/9,1AG,Canlı Varlıklar,Short-Term Live Assets,1825207.0
PETUN,2020/9,1AH,Diğer Dönen Varlıklar,Other Current Assets,210449.0
PETUN,2020/9,1AI,(Ara Toplam),(Subtotal),43285865.0
PETUN,2020/9,1AJ,Satış Amacıyla Elde Tutulan Duran Varlıklar,Assets to be Sold,0.0
PETUN,2020/9,1AK,Duran Varlıklar,LONG TERM ASSETS,94871172.0
PETUN,2020/9,1B,Ticari Alacaklar,Trade Receivables,0.0
PETUN,2020/9,1BA,Finans Sektörü Faaliyetlerinden Alacaklar,Long-Term Receivables from Financial Operations,0.0
PETUN,2020/9,1BB,Diğer Alacaklar,Other Receivables,9013417.0
PETUN,2020/9,1BBA,Müşteri Sözleşmelerinden Doğan Varlıklar,nan,0.0
PETUN,2020/9,1BC,Finansal Yatırımlar,Financial Investments,241553.0
PETUN,2020/9,1BD,Özkaynak Yöntemiyle Değerlenen Yatırımlar,Investments with Equity Method,36682434.0
PETUN,2020/9,1BE,Canlı Varlıklar,Long-Term Live Assets,0.0
PETUN,2020/9,1BF,Yatırım Amaçlı Gayrimenkuller,Real Estate Investments,2718833.0
PETUN,2020/9,1BFA,Stoklar,Stoklar,0.0
PETUN,2020/9,1BFAA,Kullanım Hakkı Varlıkları,nan,500695.0
PETUN,2020/9,1BG,Maddi Duran Varlıklar,Tangible Fixed Assets,44753371.0
PETUN,2020/9,1BGA,Şerefiye,Goodwill,0.0
PETUN,2020/9,1BH,Maddi Olmayan Duran Varlıklar,Intangible Fixed Assets,425187.0
PETUN,2020/9,1BJ,Ertelenmiş Vergi Varlığı,Long Term Deffered Tax Assets,0.0
PETUN,2020/9,1BK,Diğer Duran Varlıklar,Other Long-Term Assets,535683.0
PETUN,2020/9,1BL,TOPLAM VARLIKLAR,TOTAL ASSETS,138157038.0
PETUN,2020/9,1BM,KAYNAKLAR,LIABILITIES,0.0
PETUN,2020/9,2A,Kısa Vadeli Yükümlülükler,SHORT TERM LIABILITIES,28491460.0
PETUN,2020/9,2AA,Finansal Borçlar,Short-Term Financial Loans,1165535.0
PETUN,2020/9,2AAG,Diğer Finansal Yükümlülükler,Other Short-Term Financial Liabilities,419144.0
PETUN,2020/9,2AAGAA,Ticari Borçlar,Short-Term Trade Payables,19399150.0
PETUN,2020/9,2AAGAB,Diğer Borçlar,Other Short-Term Loans,6302371.0
PETUN,2020/9,2AAGAC,Müşteri Söz. Doğan Yük.,nan,0.0
PETUN,2020/9,2AAGB,Finans Sektörü Faaliyetlerinden Borçlar,Short-Term Loans from Financial Operations,0.0
PETUN,2020/9,2AAGC,Devlet Teşvik ve Yardımları,Short-Term Government Promotions and Aids,0.0
PETUN,2020/9,2AAGCA,Ertelenmiş Gelirler (Müşteri Söz. Doğan Yük. Dış.Kal.),nan,69532.0
PETUN,2020/9,2AAGD,Dönem Karı Vergi Yükümlülüğü,Taxation Liabilities on Income (-),334513.0
PETUN,2020/9,2AAGE,Borç Karşılıkları,Short-Term Provisions,166672.0
PETUN,2020/9,2AAGF,Diğer Kısa Vadeli Yükümlülükler,Other Short-Term Liabilities,634544.0
PETUN,2020/9,2AAGG,(Ara Toplam),(Subtotal),28491460.0
PETUN,2020/9,2AAGH,Satış Amaçlı Elde Tutulan Duran Varlıklara İlişkin Yükümlülükler,Liabilities on Assets to be Sold,0.0
PETUN,2020/9,2B,Uzun Vadeli Yükümlülükler,LONG TERM LIABILITIES,17450073.0
PETUN,2020/9,2BA,Finansal Borçlar,Long-Term Financial Loans,9380279.0
PETUN,2020/9,2BB,Diğer Finansal Yükümlülükler,Other Short-Term Financial Liabilities,0.0
PETUN,2020/9,2BBA,Ticari Borçlar,Long-Term Trade Payables,0.0
PETUN,2020/9,2BBB,Diğer Borçlar,Other Long-Term Loans,0.0
PETUN,2020/9,2BBBA,Müşteri Söz.Doğan Yük.,nan,0.0
PETUN,2020/9,2BC,Finans Sektörü Faaliyetlerinden Borçlar,Long-Term Loans from Financial Operations,0.0
PETUN,2020/9,2BD,Devlet Teşvik ve Yardımları,Long-Term Government Promotions and Aids,0.0
PETUN,2020/9,2BDA,Ertelenmiş Gelirler (Müşteri Söz.Doğan Yük. Dış.Kal.),nan,0.0
PETUN,2020/9,2BE,Uzun vadeli karşılıklar,Long-Term Provisions,4710258.0
PETUN,2020/9,2BF,Çalışanlara Sağlanan Faydalara İliş.Karş.,Provisions for Retirment Pay,0.0
PETUN,2020/9,2BG,Ertelenmiş Vergi Yükümlülüğü,Deferred Tax Liabilities,3359536.0
PETUN,2020/9,2BH,Diğer Uzun Vadeli Yükümlülükler,Other Long-Term Liabilities,0.0
PETUN,2020/9,2N,Özkaynaklar,SHAREHOLDERS EQUITY,92215504.0
PETUN,2020/9,2O,Ana Ortaklığa Ait Özkaynaklar,Parent Shareholders Capital,92215504.0
PETUN,2020/9,2OA,Ödenmiş Sermaye,Share Capital,5579949.0
PETUN,2020/9,2OC,Karşılıklı İştirak Sermayesi Düzeltmesi (-),Adjustments to Share Capital,0.0
PETUN,2020/9,2OCA,Hisse Senedi İhraç Primleri,Premium in Excess of Par,0.0
PETUN,2020/9,2OCB,Değer Artış Fonları,Market Value Surpluses,0.0
PETUN,2020/9,2OCC,Yabancı Para Çevrim Farkları,FX Translation Differences,0.0
PETUN,2020/9,2OCD,Kardan Ayrılan Kısıtlanmış Yedekler,Income Reserves,6372648.0
PETUN,2020/9,2OCE,Geçmiş Yıllar Kar/Zararları,Retained Earnings /(Acc. Losses),26635749.0
PETUN,2020/9,2OCF,Dönem Net Kar/Zararı,Current Year Income /(Losses),8750755.0
PETUN,2020/9,2OD,Diğer Özsermaye Kalemleri,Other Sholders Equity Items,44876403.0
PETUN,2020/9,2ODA,Azınlık Payları,Minority Interests,0.0
PETUN,2020/9,2ODB,TOPLAM KAYNAKLAR,TOTAL LIABILITIES AND S.HOLDERS EQUITY,138157038.0
PETUN,2020/9,3B,Sürdürülen Faaliyetler,Continuing Operations,0.0
PETUN,2020/9,3C,Satış Gelirleri,Net Sales,91698005.0
PETUN,2020/9,3CA,Satışların Maliyeti (-),Cost Of Sales,-76078122.0
PETUN,2020/9,3CAA,Ticari Faaliyetlerden Diğer Kar (Zarar),Other Profit (Loss) from Trade Operations,0.0
PETUN,2020/9,3CAB,Ticari Faaliyetlerden Brüt Kar (Zarar),Gross Profit (Loss) from Trade Operations,15619883.0
PETUN,2020/9,3CAC,"Faiz, Ücret, Prim, Komisyon ve Diğer Gelirler","Proceeds from Interest, Fee, Premium, Commission and Other",0.0
PETUN,2020/9,3CAD,"Faiz, Ücret, Prim, Komisyon ve Diğer Giderler (-)","Expenses from Interest, Fee, Premium, Commission and Other",0.0
PETUN,2020/9,3CAE,Finans Sektörü Faaliyetlerinden Diğer Kar (Zarar),Other Profit (Loss) from Financial Operations,0.0
PETUN,2020/9,3CAF,Finans Sektörü Faaliyetlerinden Brüt Kar (Zarar),Gross Profit (Loss) from Financial Operations,0.0
PETUN,2020/9,3CB,Diğer Gelir ve Giderler,Other Income (Expenses),-20884.0
PETUN,2020/9,3D,BRÜT KAR (ZARAR),GROSS PROFIT (LOSS),15598999.0
PETUN,2020/9,3DA,"Pazarlama, Satış ve Dağıtım Giderleri (-)",Marketing Selling & Distrib. Expenses (-),-4306042.0
PETUN,2020/9,3DB,Genel Yönetim Giderleri (-),General Administrative Expenses (-),-3016828.0
PETUN,2020/9,3DC,Araştırma ve Geliştirme Giderleri (-),Research & Development Expenses (-),-369552.0
PETUN,2020/9,3DD,Diğer Faaliyet Gelirleri,Income from Other Operations,732748.0
PETUN,2020/9,3DE,Diğer Faaliyet Giderleri (-),Expenses from Other Operations (-),-676370.0
PETUN,2020/9,3DEA,Faaliyet Karı Öncesi Diğer Gelir ve Giderler,Other Income (Expenses) Before Operating Profits,0.0
PETUN,2020/9,3DF,FAALİYET KARI (ZARARI),OPERATING PROFITS,7962956.0
PETUN,2020/9,3H,Net Faaliyet Kar/Zararı,Net Operating Profits,7906577.0
PETUN,2020/9,3HA,Yatırım Faaliyetlerinden Gelirler,nan,571146.0
PETUN,2020/9,3HAA,Yatırım Faaliyetlerinden Giderler (-),nan,0.0
PETUN,2020/9,3HAB,Diğer Gelir ve Giderler,nan,0.0
PETUN,2020/9,3HAC,Özkaynak Yöntemiyle Değerlenen Yatırımların Kar/Zararlarındaki Paylar,Profit (Loss) from Subsidiaries,2112712.0
PETUN,2020/9,3HACA,Finansman Gideri Öncesi Faaliyet Karı/Zararı,nan,10646814.0
PETUN,2020/9,3HB,(Esas Faaliyet Dışı) Finansal Gelirler,Financial Income (from Other Operations),597227.0
PETUN,2020/9,3HC,(Esas Faaliyet Dışı) Finansal Giderler (-),Financial Expenses (from Other Operations) (-),-852318.0
PETUN,2020/9,3HCA,Vergi Öncesi Diğer Gelir ve Giderler,Other Income (Expenses) Before Tax,571146.0
PETUN,2020/9,3I,SÜRDÜRÜLEN FAALİYETLER VERGİ ÖNCESİ KARI (ZARARI),PROFIT BEFORE TAX FROM CONTINUING OPERATIONS,10391722.0
PETUN,2020/9,3IA,Sürdürülen Faaliyetler Vergi Geliri (Gideri),Taxation on Continuing Operations,-300356.0
PETUN,2020/9,3IB,Dönem Vergi Geliri (Gideri),Taxation on Income (Expenses),-543931.0
PETUN,2020/9,3IC,Ertelenmiş Vergi Geliri (Gideri),Income (Expenses) of Deferred Tax,243575.0
PETUN,2020/9,3ID,Diğer Vergi Geliri (Gideri),Other Taxation Income (Expenses),0.0
PETUN,2020/9,3J,SÜRDÜRÜLEN FAALİYETLER DÖNEM KARI/ZARARI,PROFIT FROM CONTINUING OPERATIONS,10091366.0
PETUN,2020/9,3K,DURDURULAN FAALİYETLER,DISCONTINUED OPERATIONS,0.0
PETUN,2020/9,3KA,Durdurulan Faaliyetler Vergi Sonrası Dönem Karı (Zararı),Profit After Taxes from Discontinued Operations,0.0
PETUN,2020/9,3L,DÖNEM KARI (ZARARI),NET PROFIT AFTER TAXES,10091366.0
PETUN,2020/9,3LA,Dönem Kar/Zararının Dağılımı,Distrubition of Profit (Loss),0.0
PETUN,2020/9,3LB,Azınlık Payları,Minority Interests,0.0
PETUN,2020/9,3Z,Ana Ortaklık Payları,Parent Shares,10091366.0
PETUN,2020/9,3ZD,Hisse Başına Kazanç,Earnings per Share,0.0
PETUN,2020/9,3ZE,Seyreltilmiş Hisse Başına Kazanç,Diluted Earnings per Share,0.0
PETUN,2020/9,3ZF,Sürdürülen Faaliyetlerden Hisse Başına Kazanç,Earnings per Share from Continuing Operations,0.0
PETUN,2020/9,3ZG,Sürdürülen Faaliyetlerden Seyreltilmiş Hisse Başına Kazanç,Earnings per Share from Discontinued Operations,0.0
PETUN,2020/9,4B,Amortisman Giderleri,Depreciation & Amortization,2018045.0
PETUN,2020/9,4BA,Kıdem Tazminatı,Severance Payments,860753.0
PETUN,2020/9,4BB,Finansman Giderleri,Financial Expenses,-852318.0
PETUN,2020/9,4BC,Yurtiçi Satışlar,Domestic Sales,106951845.0
PETUN,2020/9,4BD,Yurtdışı Satışlar,Export Sales,4139400.0
PETUN,2020/9,4BE,Net Yabancı Para Pozisyonu,Net Fx Position,1486039.0
PETUN,2020/9,4BEA,Parasal net yabancı para varlık/(yükümlülük) pozisyonu,Parasal net yabancı para varlık/(yükümlülük) pozisyonu,1477251.0
PETUN,2020/9,4BEB,Net YPP (Hedge Dahil),Net YPP (Hedge Dahil),1486039.0
PETUN,2020/9,4C,İşletme Faaliyetlerinden Kaynaklanan Net Nakit,Net Cash from Operations,6647650.0
PETUN,2020/9,4CA,Düzeltme Öncesi Kar,Earnings Before Adjustments,10091366.0
PETUN,2020/9,4CAA,Düzeltmeler:,Adjustments:,275734.0
PETUN,2020/9,4CAB,Amortisman & İtfa Payları,Depreciation & Amortisation,2018045.0
PETUN,2020/9,4CAC,Karşılıklardaki Değişim,Change in Provisions,1003106.0
PETUN,2020/9,4CAD,Diğer Gelir/ Gider,Other Income / Expense,-2745417.0
PETUN,2020/9,4CAE,İşletme Sermayesinde Değişikler Öncesi Faaliyet Karı (+),Operating Profit Before Changes in Working Capital (+),10367100.0
PETUN,2020/9,4CAF,İşletme Sermayesindeki Değişiklikler,Change in Working Capital,-2908915.0
PETUN,2020/9,4CAG,Esas Faaliyet ile İlgili Oluşan Nakit (+),Cash from Core Operations (+),7458185.0
PETUN,2020/9,4CAH,Diğer İşletme Faaliyetlerinden Nakit,Cash from Other Operations,-810535.0
PETUN,2020/9,4CAI,Sabit Sermaye Yatırımları,Capital Expenditures (CapEx),-1566206.0
PETUN,2020/9,4CAJ,Diğer Yatırım Faaliyetlerinden Nakit,Cash from Other Investment Operations,-12722258.0
PETUN,2020/9,4CAK,Yatırım Faaliyetlerinden Kaynaklanan Nakit,Cash from Investment Operations,-14288464.0
PETUN,2020/9,4CB,Serbest Nakit Akım,Free Cash Flow,-7640814.0
PETUN,2020/9,4CBA,Finansal Borçlardaki Değişim,Change in Financial Debt,10719772.0
PETUN,2020/9,4CBB,Temettü Ödemeleri,Dividends Paid,-601383.0
PETUN,2020/9,4CBC,Sermaye Artırımı,Rights Issue,0.0
PETUN,2020/9,4CBD,Diğer Finansman Faaliyetlerinden Nakit,Cash from Other Financial Operations,-370602.0
PETUN,2020/9,4CBE,Finansman Faaliyetlerden Kaynaklanan Nakit,Cash from Financial Operations,9747787.0
PETUN,2020/9,4CBF,Yab. Para Çev. Fark. Etk. Önc.Nak.Ve Nak. Benz. Net Artış/Azalış,Cash Net Inc. / Dec. before For.Cur. Trans. Dif.,2106974.0
PETUN,2020/9,4CBG,Yab.ı Para Çevrim Fark. Nakit Ve Nakit Benz. Üzerindeki Etkisi,Foreign Curr. Trans.Diff.Cash and Cash Benz. Imp.,58793.0
PETUN,2020/9,4CBH,Diğer Nakit Girişi/Çıkışı,Other Cash Inflow/Outflow,0.0
PETUN,2020/9,4CBI,Nakit ve Benzerlerindeki Değişim,Change in Cash & Cash Equivalents,2165767.0
PETUN,2020/9,4CBJ,Diğer Nakit ve Nakit Benzerlerindeki Artış,Other Cash & Cash Equivalents Change,0.0
PETUN,2020/9,4CBK,Dönem Başı Nakit Değerler,Cash at the beginning of the Quarter,4683957.0
PETUN,2020/9,4CBL,Dönem Sonu Nakit,Cash at the End of the Quarter,6849723.0
PETUN,2021/12,1A,Dönen Varlıklar,CURRENT ASSETS,38398227.0
PETUN,2021/12,1AA,Nakit ve Nakit Benzerleri,Cash and Cash Equivalents,3233131.0
PETUN,2021/12,1AB,Finansal Yatırımlar,Short-Term Financial Investments,0.0
PETUN,2021/12,1AC,Ticari Alacaklar,Short-Term Trade Receivables,15477329.0
PETUN,2021/12,1AD,Finans Sektörü Faaliyetlerinden Alacaklar,Short-Term Receivables from Financial Operations,0.0
PETUN,2021/12,1AE,Diğer Alacaklar,Short-Term Other Receivables,8713095.0
PETUN,2021/12,1AEA,Müşteri Sözleşmelerinden Doğan Varlıklar,nan,0.0
PETUN,2021/12,1AF,Stoklar,Inventories,8048252.0
PETUN,2021/12,1AG,Canlı Varlıklar,Short-Term Live Assets,2247027.0
PETUN,2021/12,1AH,Diğer Dönen Varlıklar,Other Current Assets,679394.0
PETUN,2021/12,1AI,(Ara Toplam),(Subtotal),38398227.0
PETUN,2021/12,1AJ,Satış Amacıyla Elde Tutulan Duran Varlıklar,Assets to be Sold,0.0
PETUN,2021/12,1AK,Duran Varlıklar,LONG TERM ASSETS,98423392.0
PETUN,2021/12,1B,Ticari Alacaklar,Trade Receivables,0.0
PETUN,2021/12,1BA,Finans Sektörü Faaliyetlerinden Alacaklar,Long-Term Receivables from Financial Operations,0.0
PETUN,2021/12,1BB,Diğer Alacaklar,Other Receivables,0.0
PETUN,2021/12,1BBA,Müşteri Sözleşmelerinden Doğan Varlıklar,nan,0.0
PETUN,2021/12,1BC,Finansal Yatırımlar,Financial Investments,319440.0
PETUN,2021/12,1BD,Özkaynak Yöntemiyle Değerlenen Yatırımlar,Investments with Equity Method,37170459.0
PETUN,2021/12,1BE,Canlı Varlıklar,Long-Term Live Assets,0.0
PETUN,2021/12,1BF,Yatırım Amaçlı Gayrimenkuller,Real Estate Investments,2779900.0
PETUN,2021/12,1BFA,Stoklar,Stoklar,0.0
PETUN,2021/12,1BFAA,Kullanım Hakkı Varlıkları,nan,276908.0
PETUN,2021/12,1BG,Maddi Duran Varlıklar,Tangible Fixed Assets,57440969.0
PETUN,2021/12,1BGA,Şerefiye,Goodwill,0.0
PETUN,2021/12,1BH,Maddi Olmayan Duran Varlıklar,Intangible Fixed Assets,355757.0
PETUN,2021/12,1BJ,Ertelenmiş Vergi Varlığı,Long Term Deffered Tax Assets,0.0
PETUN,2021/12,1BK,Diğer Duran Varlıklar,Other Long-Term Assets,79959.0
PETUN,2021/12,1BL,TOPLAM VARLIKLAR,TOTAL ASSETS,136821620.0
PETUN,2021/12,1BM,KAYNAKLAR,LIABILITIES,0.0
PETUN,2021/12,2A,Kısa Vadeli Yükümlülükler,SHORT TERM LIABILITIES,28302841.0
PETUN,2021/12,2AA,Finansal Borçlar,Short-Term Financial Loans,8764025.0
PETUN,2021/12,2AAG,Diğer Finansal Yükümlülükler,Other Short-Term Financial Liabilities,1059552.0
PETUN,2021/12,2AAGAA,Ticari Borçlar,Short-Term Trade Payables,17354327.0
PETUN,2021/12,2AAGAB,Diğer Borçlar,Other Short-Term Loans,598841.0
PETUN,2021/12,2AAGAC,Müşteri Söz. Doğan Yük.,nan,0.0
PETUN,2021/12,2AAGB,Finans Sektörü Faaliyetlerinden Borçlar,Short-Term Loans from Financial Operations,0.0
PETUN,2021/12,2AAGC,Devlet Teşvik ve Yardımları,Short-Term Government Promotions and Aids,0.0
PETUN,2021/12,2AAGCA,Ertelenmiş Gelirler (Müşteri Söz. Doğan Yük. Dış.Kal.),nan,24240.0
PETUN,2021/12,2AAGD,Dönem Karı Vergi Yükümlülüğü,Taxation Liabilities on Income (-),0.0
PETUN,2021/12,2AAGE,Borç Karşılıkları,Short-Term Provisions,101561.0
PETUN,2021/12,2AAGF,Diğer Kısa Vadeli Yükümlülükler,Other Short-Term Liabilities,400295.0
PETUN,2021/12,2AAGG,(Ara Toplam),(Subtotal),28302841.0
PETUN,2021/12,2AAGH,Satış Amaçlı Elde Tutulan Duran Varlıklara İlişkin Yükümlülükler,Liabilities on Assets to be Sold,0.0
PETUN,2021/12,2B,Uzun Vadeli Yükümlülükler,LONG TERM LIABILITIES,11873883.0
PETUN,2021/12,2BA,Finansal Borçlar,Long-Term Financial Loans,2701454.0
PETUN,2021/12,2BB,Diğer Finansal Yükümlülükler,Other Short-Term Financial Liabilities,0.0
PETUN,2021/12,2BBA,Ticari Borçlar,Long-Term Trade Payables,0.0
PETUN,2021/12,2BBB,Diğer Borçlar,Other Long-Term Loans,0.0
PETUN,2021/12,2BBBA,Müşteri Söz.Doğan Yük.,nan,0.0
PETUN,2021/12,2BC,Finans Sektörü Faaliyetlerinden Borçlar,Long-Term Loans from Financial Operations,0.0
PETUN,2021/12,2BD,Devlet Teşvik ve Yardımları,Long-Term Government Promotions and Aids,0.0
PETUN,2021/12,2BDA,Ertelenmiş Gelirler (Müşteri Söz.Doğan Yük. Dış.Kal.),nan,0.0
PETUN,2021/12,2BE,Uzun vadeli karşılıklar,Long-Term Provisions,3988981.0
PETUN,2021/12,2BF,Çalışanlara Sağlanan Faydalara İliş.Karş.,Provisions for Retirment Pay,0.0
PETUN,2021/12,2BG,Ertelenmiş Vergi Yükümlülüğü,Deferred Tax Liabilities,5183448.0
PETUN,2021/12,2BH,Diğer Uzun Vadeli Yükümlülükler,Other Long-Term Liabilities,0.0
PETUN,2021/12,2N,Özkaynaklar,SHAREHOLDERS EQUITY,96644896.0
PETUN,2021/12,2O,Ana Ortaklığa Ait Özkaynaklar,Parent Shareholders Capital,96644896.0
PETUN,2021/12,2OA,Ödenmiş Sermaye,Share Capital,3245338.0
PETUN,2021/12,2OC,Karşılıklı İştirak Sermayesi Düzeltmesi (-),Adjustments to Share Capital,0.0
PETUN,2021/12,2OCA,Hisse Senedi İhraç Primleri,Premium in Excess of Par,0.0
PETUN,2021/12,2OCB,Değer Artış Fonları,Market Value Surpluses,0.0
PETUN,2021/12,2OCC,Yabancı Para Çevrim Farkları,FX Translation Differences,0.0
PETUN,2021/12,2OCD,Kardan Ayrılan Kısıtlanmış Yedekler,Income Reserves,4227650.0
PETUN,2021/12,2OCE,Geçmiş Yıllar Kar/Zararları,Retained Earnings /(Acc. Losses),17339410.0
PETUN,2021/12,2OCF,Dönem Net Kar/Zararı,Current Year Income /(Losses),10085194.0
PETUN,2021/12,2OD,Diğer Özsermaye Kalemleri,Other Sholders Equity Items,61747304.0
PETUN,2021/12,2ODA,Azınlık Payları,Minority Interests,0.0
PETUN,2021/12,2ODB,TOPLAM KAYNAKLAR,TOTAL LIABILITIES AND S.HOLDERS EQUITY,136821620.0
PETUN,2021/12,3B,Sürdürülen Faaliyetler,Continuing Operations,0.0
PETUN,2021/12,3C,Satış Gelirleri,Net Sales,125214624.0
PETUN,2021/12,3CA,Satışların Maliyeti (-),Cost Of Sales,-104761593.0
PETUN,2021/12,3CAA,Ticari Faaliyetlerden Diğer Kar (Zarar),Other Profit (Loss) from Trade Operations,0.0
PETUN,2021/12,3CAB,Ticari Faaliyetlerden Brüt Kar (Zarar),Gross Profit (Loss) from Trade Operations,20453030.0
PETUN,2021/12,3CAC,"Faiz, Ücret, Prim, Komisyon ve Diğer Gelirler","Proceeds from Interest, Fee, Premium, Commission and Other",0.0
PETUN,2021/12,3CAD,"Faiz, Ücret, Prim, Komisyon ve Diğer Giderler (-)","Expenses from Interest, Fee, Premium, Commission and Other",0.0
PETUN,2021/12,3CAE,Finans Sektörü Faaliyetlerinden Diğer Kar (Zarar),Other Profit (Loss) from Financial Operations,0.0
PETUN,2021/12,3CAF,Finans Sektörü Faaliyetlerinden Brüt Kar (Zarar),Gross Profit (Loss) from Financial Operations,0.0
PETUN,2021/12,3CB,Diğer Gelir ve Giderler,Other Income (Expenses),288464.0
PETUN,2021/12,3D,BRÜT KAR (ZARAR),GROSS PROFIT (LOSS),20741494.0
PETUN,2021/12,3DA,"Pazarlama, Satış ve Dağıtım Giderleri (-)",Marketing Selling & Distrib. Expenses (-),-6788541.0
PETUN,2021/12,3DB,Genel Yönetim Giderleri (-),General Administrative Expenses (-),-3552177.0
PETUN,2021/12,3DC,Araştırma ve Geliştirme Giderleri (-),Research & Development Expenses (-),-510639.0
PETUN,2021/12,3DD,Diğer Faaliyet Gelirleri,Income from Other Operations,1899897.0
PETUN,2021/12,3DE,Diğer Faaliyet Giderleri (-),Expenses from Other Operations (-),-347648.0
PETUN,2021/12,3DEA,Faaliyet Karı Öncesi Diğer Gelir ve Giderler,Other Income (Expenses) Before Operating Profits,0.0
PETUN,2021/12,3DF,FAALİYET KARI (ZARARI),OPERATING PROFITS,11442385.0
PETUN,2021/12,3H,Net Faaliyet Kar/Zararı,Net Operating Profits,9890136.0
PETUN,2021/12,3HA,Yatırım Faaliyetlerinden Gelirler,nan,3277370.0
PETUN,2021/12,3HAA,Yatırım Faaliyetlerinden Giderler (-),nan,-18291.0
PETUN,2021/12,3HAB,Diğer Gelir ve Giderler,nan,0.0
PETUN,2021/12,3HAC,Özkaynak Yöntemiyle Değerlenen Yatırımların Kar/Zararlarındaki Paylar,Profit (Loss) from Subsidiaries,3660296.0
PETUN,2021/12,3HACA,Finansman Gideri Öncesi Faaliyet Karı/Zararı,nan,18361760.0
PETUN,2021/12,3HB,(Esas Faaliyet Dışı) Finansal Gelirler,Financial Income (from Other Operations),1282785.0
PETUN,2021/12,3HC,(Esas Faaliyet Dışı) Finansal Giderler (-),Financial Expenses (from Other Operations) (-),-4471323.0
PETUN,2021/12,3HCA,Vergi Öncesi Diğer Gelir ve Giderler,Other Income (Expenses) Before Tax,3259079.0
PETUN,2021/12,3I,SÜRDÜRÜLEN FAALİYETLER VERGİ ÖNCESİ KARI (ZARARI),PROFIT BEFORE TAX FROM CONTINUING OPERATIONS,15173222.0
PETUN,2021/12,3IA,Sürdürülen Faaliyetler Vergi Geliri (Gideri),Taxation on Continuing Operations,-84663.0
PETUN,2021/12,3IB,Dönem Vergi Geliri (Gideri),Taxation on Income (Expenses),-244191.0
PETUN,2021/12,3IC,Ertelenmiş Vergi Geliri (Gideri),Income (Expenses) of Deferred Tax,159528.0
PETUN,2021/12,3ID,Diğer Vergi Geliri (Gideri),Other Taxation Income (Expenses),0.0
PETUN,2021/12,3J,SÜRDÜRÜLEN FAALİYETLER DÖNEM KARI/ZARARI,PROFIT FROM CONTINUING OPERATIONS,15088559.0
PETUN,2021/12,3K,DURDURULAN FAALİYETLER,DISCONTINUED OPERATIONS,0.0
PETUN,2021/12,3KA,Durdurulan Faaliyetler Vergi Sonrası Dönem Karı (Zararı),Profit After Taxes from Discontinued Operations,0.0
PETUN,2021/12,3L,DÖNEM KARI (ZARARI),NET PROFIT AFTER TAXES,15088559.0
PETUN,2021/12,3LA,Dönem Kar/Zararının Dağılımı,Distrubition of Profit (Loss),0.0
PETUN,2021/12,3LB,Azınlık Payları,Minority Interests,0.0
PETUN,2021/12,3Z,Ana Ortaklık Payları,Parent Shares,15088559.0
PETUN,2021/12,3ZD,Hisse Başına Kazanç,Earnings per Share,0.0
PETUN,2021/12,3ZE,Seyreltilmiş Hisse Başına Kazanç,Diluted Earnings per Share,0.0
PETUN,2021/12,3ZF,Sürdürülen Faaliyetlerden Hisse Başına Kazanç,Earnings per Share from Continuing Operations,0.0
PETUN,2021/12,3ZG,Sürdürülen Faaliyetlerden Seyreltilmiş Hisse Başına Kazanç,Earnings per Share from Discontinued Operations,0.0
PETUN,2021/12,4B,Amortisman Giderleri,Depreciation & Amortization,2490626.0
PETUN,2021/12,4BA,Kıdem Tazminatı,Severance Payments,426041.0
PETUN,2021/12,4BB,Finansman Giderleri,Financial Expenses,-4471323.0
PETUN,2021/12,4BC,Yurtiçi Satışlar,Domestic Sales,146626130.0
PETUN,2021/12,4BD,Yurtdışı Satışlar,Export Sales,4180336.0
PETUN,2021/12,4BE,Net Yabancı Para Pozisyonu,Net Fx Position,642744.0
PETUN,2021/12,4BEA,Parasal net yabancı para varlık/(yükümlülük) pozisyonu,Parasal net yabancı para varlık/(yükümlülük) pozisyonu,623131.0
PETUN,2021/12,4BEB,Net YPP (Hedge Dahil),Net YPP (Hedge Dahil),642744.0
PETUN,2021/12,4C,İşletme Faaliyetlerinden Kaynaklanan Net Nakit,Net Cash from Operations,12974782.0
PETUN,2021/12,4CA,Düzeltme Öncesi Kar,Earnings Before Adjustments,15088559.0
PETUN,2021/12,4CAA,Düzeltmeler:,Adjustments:,-2035462.0
PETUN,2021/12,4CAB,Amortisman & İtfa Payları,Depreciation & Amortisation,2490626.0
PETUN,2021/12,4CAC,Karşılıklardaki Değişim,Change in Provisions,449243.0
PETUN,2021/12,4CAD,Diğer Gelir/ Gider,Other Income / Expense,-4975332.0
PETUN,2021/12,4CAE,İşletme Sermayesinde Değişikler Öncesi Faaliyet Karı (+),Operating Profit Before Changes in Working Capital (+),13053097.0
PETUN,2021/12,4CAF,İşletme Sermayesindeki Değişiklikler,Change in Working Capital,1844825.0
PETUN,2021/12,4CAG,Esas Faaliyet ile İlgili Oluşan Nakit (+),Cash from Core Operations (+),14897922.0
PETUN,2021/12,4CAH,Diğer İşletme Faaliyetlerinden Nakit,Cash from Other Operations,-1923140.0
PETUN,2021/12,4CAI,Sabit Sermaye Yatırımları,Capital Expenditures (CapEx),-8242000.0
PETUN,2021/12,4CAJ,Diğer Yatırım Faaliyetlerinden Nakit,Cash from Other Investment Operations,557430.0
PETUN,2021/12,4CAK,Yatırım Faaliyetlerinden Kaynaklanan Nakit,Cash from Investment Operations,-7684571.0
PETUN,2021/12,4CB,Serbest Nakit Akım,Free Cash Flow,5290212.0
PETUN,2021/12,4CBA,Finansal Borçlardaki Değişim,Change in Financial Debt,8388465.0
PETUN,2021/12,4CBB,Temettü Ödemeleri,Dividends Paid,-9733861.0
PETUN,2021/12,4CBC,Sermaye Artırımı,Rights Issue,0.0
PETUN,2021/12,4CBD,Diğer Finansman Faaliyetlerinden Nakit,Cash from Other Financial Operations,-1917586.0
PETUN,2021/12,4CBE,Finansman Faaliyetlerden Kaynaklanan Nakit,Cash from Financial Operations,-3262981.0
PETUN,2021/12,4CBF,Yab. Para Çev. Fark. Etk. Önc.Nak.Ve Nak. Benz. Net Artış/Azalış,Cash Net Inc. / Dec. before For.Cur. Trans. Dif.,2027231.0
PETUN,2021/12,4CBG,Yab.ı Para Çevrim Fark. Nakit Ve Nakit Benz. Üzerindeki Etkisi,Foreign Curr. Trans.Diff.Cash and Cash Benz. Imp.,246830.0
PETUN,2021/12,4CBH,Diğer Nakit Girişi/Çıkışı,Other Cash Inflow/Outflow,0.0
PETUN,2021/12,4CBI,Nakit ve Benzerlerindeki Değişim,Change in Cash & Cash Equivalents,2274060.0
PETUN,2021/12,4CBJ,Diğer Nakit ve Nakit Benzerlerindeki Artış,Other Cash & Cash Equivalents Change,0.0
PETUN,2021/12,4CBK,Dönem Başı Nakit Değerler,Cash at the beginning of the Quarter,2563060.0
PETUN,2021/12,4CBL,Dönem Sonu Nakit,Cash at the End of the Quarter,4837120.0
PETUN,2021/3,1A,Dönen Varlıklar,CURRENT ASSETS,49726171.0
PETUN,2021/3,1AA,Nakit ve Nakit Benzerleri,Cash and Cash Equivalents,2282946.0
PETUN,2021/3,1AB,Finansal Yatırımlar,Short-Term Financial Investments,0.0
PETUN,2021/3,1AC,Ticari Alacaklar,Short-Term Trade Receivables,19685257.0
PETUN,2021/3,1AD,Finans Sektörü Faaliyetlerinden Alacaklar,Short-Term Receivables from Financial Operations,0.0
PETUN,2021/3,1AE,Diğer Alacaklar,Short-Term Other Receivables,14796784.0
PETUN,2021/3,1AEA,Müşteri Sözleşmelerinden Doğan Varlıklar,nan,0.0
PETUN,2021/3,1AF,Stoklar,Inventories,10405338.0
PETUN,2021/3,1AG,Canlı Varlıklar,Short-Term Live Assets,2325583.0
PETUN,2021/3,1AH,Diğer Dönen Varlıklar,Other Current Assets,230264.0
PETUN,2021/3,1AI,(Ara Toplam),(Subtotal),49726171.0
PETUN,2021/3,1AJ,Satış Amacıyla Elde Tutulan Duran Varlıklar,Assets to be Sold,0.0
PETUN,2021/3,1AK,Duran Varlıklar,LONG TERM ASSETS,85111496.0
PETUN,2021/3,1B,Ticari Alacaklar,Trade Receivables,0.0
PETUN,2021/3,1BA,Finans Sektörü Faaliyetlerinden Alacaklar,Long-Term Receivables from Financial Operations,0.0
PETUN,2021/3,1BB,Diğer Alacaklar,Other Receivables,0.0
PETUN,2021/3,1BBA,Müşteri Sözleşmelerinden Doğan Varlıklar,nan,0.0
PETUN,2021/3,1BC,Finansal Yatırımlar,Financial Investments,305077.0
PETUN,2021/3,1BD,Özkaynak Yöntemiyle Değerlenen Yatırımlar,Investments with Equity Method,37765458.0
PETUN,2021/3,1BE,Canlı Varlıklar,Long-Term Live Assets,0.0
PETUN,2021/3,1BF,Yatırım Amaçlı Gayrimenkuller,Real Estate Investments,2785105.0
PETUN,2021/3,1BFA,Stoklar,Stoklar,0.0
PETUN,2021/3,1BFAA,Kullanım Hakkı Varlıkları,nan,434634.0
PETUN,2021/3,1BG,Maddi Duran Varlıklar,Tangible Fixed Assets,43269388.0
PETUN,2021/3,1BGA,Şerefiye,Goodwill,0.0
PETUN,2021/3,1BH,Maddi Olmayan Duran Varlıklar,Intangible Fixed Assets,529786.0
PETUN,2021/3,1BJ,Ertelenmiş Vergi Varlığı,Long Term Deffered Tax Assets,0.0
PETUN,2021/3,1BK,Diğer Duran Varlıklar,Other Long-Term Assets,22048.0
PETUN,2021/3,1BL,TOPLAM VARLIKLAR,TOTAL ASSETS,134837668.0
PETUN,2021/3,1BM,KAYNAKLAR,LIABILITIES,0.0
PETUN,2021/3,2A,Kısa Vadeli Yükümlülükler,SHORT TERM LIABILITIES,39507160.0
PETUN,2021/3,2AA,Finansal Borçlar,Short-Term Financial Loans,9607433.0
PETUN,2021/3,2AAG,Diğer Finansal Yükümlülükler,Other Short-Term Financial Liabilities,865967.0
PETUN,2021/3,2AAGAA,Ticari Borçlar,Short-Term Trade Payables,18743516.0
PETUN,2021/3,2AAGAB,Diğer Borçlar,Other Short-Term Loans,9529828.0
PETUN,2021/3,2AAGAC,Müşteri Söz. Doğan Yük.,nan,0.0
PETUN,2021/3,2AAGB,Finans Sektörü Faaliyetlerinden Borçlar,Short-Term Loans from Financial Operations,0.0
PETUN,2021/3,2AAGC,Devlet Teşvik ve Yardımları,Short-Term Government Promotions and Aids,0.0
PETUN,2021/3,2AAGCA,Ertelenmiş Gelirler (Müşteri Söz. Doğan Yük. Dış.Kal.),nan,53397.0
PETUN,2021/3,2AAGD,Dönem Karı Vergi Yükümlülüğü,Taxation Liabilities on Income (-),6263.0
PETUN,2021/3,2AAGE,Borç Karşılıkları,Short-Term Provisions,125543.0
PETUN,2021/3,2AAGF,Diğer Kısa Vadeli Yükümlülükler,Other Short-Term Liabilities,575214.0
PETUN,2021/3,2AAGG,(Ara Toplam),(Subtotal),39507160.0
PETUN,2021/3,2AAGH,Satış Amaçlı Elde Tutulan Duran Varlıklara İlişkin Yükümlülükler,Liabilities on Assets to be Sold,0.0
PETUN,2021/3,2B,Uzun Vadeli Yükümlülükler,LONG TERM LIABILITIES,8200152.0
PETUN,2021/3,2BA,Finansal Borçlar,Long-Term Financial Loans,306796.0
PETUN,2021/3,2BB,Diğer Finansal Yükümlülükler,Other Short-Term Financial Liabilities,0.0
PETUN,2021/3,2BBA,Ticari Borçlar,Long-Term Trade Payables,0.0
PETUN,2021/3,2BBB,Diğer Borçlar,Other Long-Term Loans,0.0
PETUN,2021/3,2BBBA,Müşteri Söz.Doğan Yük.,nan,0.0
PETUN,2021/3,2BC,Finans Sektörü Faaliyetlerinden Borçlar,Long-Term Loans from Financial Operations,0.0
PETUN,2021/3,2BD,Devlet Teşvik ve Yardımları,Long-Term Government Promotions and Aids,0.0
PETUN,2021/3,2BDA,Ertelenmiş Gelirler (Müşteri Söz.Doğan Yük. Dış.Kal.),nan,0.0
PETUN,2021/3,2BE,Uzun vadeli karşılıklar,Long-Term Provisions,4870420.0
PETUN,2021/3,2BF,Çalışanlara Sağlanan Faydalara İliş.Karş.,Provisions for Retirment Pay,0.0
PETUN,2021/3,2BG,Ertelenmiş Vergi Yükümlülüğü,Deferred Tax Liabilities,3022936.0
PETUN,2021/3,2BH,Diğer Uzun Vadeli Yükümlülükler,Other Long-Term Liabilities,0.0
PETUN,2021/3,2N,Özkaynaklar,SHAREHOLDERS EQUITY,87130355.0
PETUN,2021/3,2O,Ana Ortaklığa Ait Özkaynaklar,Parent Shareholders Capital,87130355.0
PETUN,2021/3,2OA,Ödenmiş Sermaye,Share Capital,5195545.0
PETUN,2021/3,2OC,Karşılıklı İştirak Sermayesi Düzeltmesi (-),Adjustments to Share Capital,0.0
PETUN,2021/3,2OCA,Hisse Senedi İhraç Primleri,Premium in Excess of Par,0.0
PETUN,2021/3,2OCB,Değer Artış Fonları,Market Value Surpluses,0.0
PETUN,2021/3,2OCC,Yabancı Para Çevrim Farkları,FX Translation Differences,0.0
PETUN,2021/3,2OCD,Kardan Ayrılan Kısıtlanmış Yedekler,Income Reserves,6768154.0
PETUN,2021/3,2OCE,Geçmiş Yıllar Kar/Zararları,Retained Earnings /(Acc. Losses),27188370.0
PETUN,2021/3,2OCF,Dönem Net Kar/Zararı,Current Year Income /(Losses),1947656.0
PETUN,2021/3,2OD,Diğer Özsermaye Kalemleri,Other Sholders Equity Items,46030631.0
PETUN,2021/3,2ODA,Azınlık Payları,Minority Interests,0.0
PETUN,2021/3,2ODB,TOPLAM KAYNAKLAR,TOTAL LIABILITIES AND S.HOLDERS EQUITY,134837668.0
PETUN,2021/3,3B,Sürdürülen Faaliyetler,Continuing Operations,0.0
PETUN,2021/3,3C,Satış Gelirleri,Net Sales,29694210.0
PETUN,2021/3,3CA,Satışların Maliyeti (-),Cost Of Sales,-24479074.0
PETUN,2021/3,3CAA,Ticari Faaliyetlerden Diğer Kar (Zarar),Other Profit (Loss) from Trade Operations,0.0
PETUN,2021/3,3CAB,Ticari Faaliyetlerden Brüt Kar (Zarar),Gross Profit (Loss) from Trade Operations,5215136.0
PETUN,2021/3,3CAC,"Faiz, Ücret, Prim, Komisyon ve Diğer Gelirler","Proceeds from Interest, Fee, Premium, Commission and Other",0.0
PETUN,2021/3,3CAD,"Faiz, Ücret, Prim, Komisyon ve Diğer Giderler (-)","Expenses from Interest, Fee, Premium, Commission and Other",0.0
PETUN,2021/3,3CAE,Finans Sektörü Faaliyetlerinden Diğer Kar (Zarar),Other Profit (Loss) from Financial Operations,0.0
PETUN,2021/3,3CAF,Finans Sektörü Faaliyetlerinden Brüt Kar (Zarar),Gross Profit (Loss) from Financial Operations,0.0
PETUN,2021/3,3CB,Diğer Gelir ve Giderler,Other Income (Expenses),10825.0
PETUN,2021/3,3D,BRÜT KAR (ZARAR),GROSS PROFIT (LOSS),5225961.0
PETUN,2021/3,3DA,"Pazarlama, Satış ve Dağıtım Giderleri (-)",Marketing Selling & Distrib. Expenses (-),-1338699.0
PETUN,2021/3,3DB,Genel Yönetim Giderleri (-),General Administrative Expenses (-),-1033338.0
PETUN,2021/3,3DC,Araştırma ve Geliştirme Giderleri (-),Research & Development Expenses (-),-133093.0
PETUN,2021/3,3DD,Diğer Faaliyet Gelirleri,Income from Other Operations,424467.0
PETUN,2021/3,3DE,Diğer Faaliyet Giderleri (-),Expenses from Other Operations (-),-60829.0
PETUN,2021/3,3DEA,Faaliyet Karı Öncesi Diğer Gelir ve Giderler,Other Income (Expenses) Before Operating Profits,0.0
PETUN,2021/3,3DF,FAALİYET KARI (ZARARI),OPERATING PROFITS,3084469.0
PETUN,2021/3,3H,Net Faaliyet Kar/Zararı,Net Operating Profits,2720831.0
PETUN,2021/3,3HA,Yatırım Faaliyetlerinden Gelirler,nan,528924.0
PETUN,2021/3,3HAA,Yatırım Faaliyetlerinden Giderler (-),nan,-15160.0
PETUN,2021/3,3HAB,Diğer Gelir ve Giderler,nan,0.0
PETUN,2021/3,3HAC,Özkaynak Yöntemiyle Değerlenen Yatırımların Kar/Zararlarındaki Paylar,Profit (Loss) from Subsidiaries,-953265.0
PETUN,2021/3,3HACA,Finansman Gideri Öncesi Faaliyet Karı/Zararı,nan,2644969.0
PETUN,2021/3,3HB,(Esas Faaliyet Dışı) Finansal Gelirler,Financial Income (from Other Operations),105567.0
PETUN,2021/3,3HC,(Esas Faaliyet Dışı) Finansal Giderler (-),Financial Expenses (from Other Operations) (-),-608923.0
PETUN,2021/3,3HCA,Vergi Öncesi Diğer Gelir ve Giderler,Other Income (Expenses) Before Tax,513764.0
PETUN,2021/3,3I,SÜRDÜRÜLEN FAALİYETLER VERGİ ÖNCESİ KARI (ZARARI),PROFIT BEFORE TAX FROM CONTINUING OPERATIONS,2141612.0
PETUN,2021/3,3IA,Sürdürülen Faaliyetler Vergi Geliri (Gideri),Taxation on Continuing Operations,52146.0
PETUN,2021/3,3IB,Dönem Vergi Geliri (Gideri),Taxation on Income (Expenses),-11584.0
PETUN,2021/3,3IC,Ertelenmiş Vergi Geliri (Gideri),Income (Expenses) of Deferred Tax,63730.0
PETUN,2021/3,3ID,Diğer Vergi Geliri (Gideri),Other Taxation Income (Expenses),0.0
PETUN,2021/3,3J,SÜRDÜRÜLEN FAALİYETLER DÖNEM KARI/ZARARI,PROFIT FROM CONTINUING OPERATIONS,2193758.0
PETUN,2021/3,3K,DURDURULAN FAALİYETLER,DISCONTINUED OPERATIONS,0.0
PETUN,2021/3,3KA,Durdurulan Faaliyetler Vergi Sonrası Dönem Karı (Zararı),Profit After Taxes from Discontinued Operations,0.0
PETUN,2021/3,3L,DÖNEM KARI (ZARARI),NET PROFIT AFTER TAXES,2193758.0
PETUN,2021/3,3LA,Dönem Kar/Zararının Dağılımı,Distrubition of Profit (Loss),0.0
PETUN,2021/3,3LB,Azınlık Payları,Minority Interests,0.0
PETUN,2021/3,3Z,Ana Ortaklık Payları,Parent Shares,2193758.0
PETUN,2021/3,3ZD,Hisse Başına Kazanç,Earnings per Share,0.0
PETUN,2021/3,3ZE,Seyreltilmiş Hisse Başına Kazanç,Diluted Earnings per Share,0.0
PETUN,2021/3,3ZF,Sürdürülen Faaliyetlerden Hisse Başına Kazanç,Earnings per Share from Continuing Operations,0.0
PETUN,2021/3,3ZG,Sürdürülen Faaliyetlerden Seyreltilmiş Hisse Başına Kazanç,Earnings per Share from Discontinued Operations,0.0
PETUN,2021/3,4B,Amortisman Giderleri,Depreciation & Amortization,721071.0
PETUN,2021/3,4BA,Kıdem Tazminatı,Severance Payments,103459.0
PETUN,2021/3,4BB,Finansman Giderleri,Financial Expenses,-608923.0
PETUN,2021/3,4BC,Yurtiçi Satışlar,Domestic Sales,34821650.0
PETUN,2021/3,4BD,Yurtdışı Satışlar,Export Sales,1216900.0
PETUN,2021/3,4BE,Net Yabancı Para Pozisyonu,Net Fx Position,2112647.0
PETUN,2021/3,4BEA,Parasal net yabancı para varlık/(yükümlülük) pozisyonu,Parasal net yabancı para varlık/(yükümlülük) pozisyonu,2100657.0
PETUN,2021/3,4BEB,Net YPP (Hedge Dahil),Net YPP (Hedge Dahil),2112647.0
PETUN,2021/3,4C,İşletme Faaliyetlerinden Kaynaklanan Net Nakit,Net Cash from Operations,3900932.0
PETUN,2021/3,4CA,Düzeltme Öncesi Kar,Earnings Before Adjustments,2193758.0
PETUN,2021/3,4CAA,Düzeltmeler:,Adjustments:,1735772.0
PETUN,2021/3,4CAB,Amortisman & İtfa Payları,Depreciation & Amortisation,721071.0
PETUN,2021/3,4CAC,Karşılıklardaki Değişim,Change in Provisions,396696.0
PETUN,2021/3,4CAD,Diğer Gelir/ Gider,Other Income / Expense,618004.0
PETUN,2021/3,4CAE,İşletme Sermayesinde Değişikler Öncesi Faaliyet Karı (+),Operating Profit Before Changes in Working Capital (+),3929530.0
PETUN,2021/3,4CAF,İşletme Sermayesindeki Değişiklikler,Change in Working Capital,742760.0
PETUN,2021/3,4CAG,Esas Faaliyet ile İlgili Oluşan Nakit (+),Cash from Core Operations (+),4672290.0
PETUN,2021/3,4CAH,Diğer İşletme Faaliyetlerinden Nakit,Cash from Other Operations,-771358.0
PETUN,2021/3,4CAI,Sabit Sermaye Yatırımları,Capital Expenditures (CapEx),-589242.0
PETUN,2021/3,4CAJ,Diğer Yatırım Faaliyetlerinden Nakit,Cash from Other Investment Operations,-2072525.0
PETUN,2021/3,4CAK,Yatırım Faaliyetlerinden Kaynaklanan Nakit,Cash from Investment Operations,-2661767.0
PETUN,2021/3,4CB,Serbest Nakit Akım,Free Cash Flow,1239165.0
PETUN,2021/3,4CBA,Finansal Borçlardaki Değişim,Change in Financial Debt,495614.0
PETUN,2021/3,4CBB,Temettü Ödemeleri,Dividends Paid,-1769561.0
PETUN,2021/3,4CBC,Sermaye Artırımı,Rights Issue,0.0
PETUN,2021/3,4CBD,Diğer Finansman Faaliyetlerinden Nakit,Cash from Other Financial Operations,-492770.0
PETUN,2021/3,4CBE,Finansman Faaliyetlerden Kaynaklanan Nakit,Cash from Financial Operations,-1766717.0
PETUN,2021/3,4CBF,Yab. Para Çev. Fark. Etk. Önc.Nak.Ve Nak. Benz. Net Artış/Azalış,Cash Net Inc. / Dec. before For.Cur. Trans. Dif.,-527551.0
PETUN,2021/3,4CBG,Yab.ı Para Çevrim Fark. Nakit Ve Nakit Benz. Üzerindeki Etkisi,Foreign Curr. Trans.Diff.Cash and Cash Benz. Imp.,9789.0
PETUN,2021/3,4CBH,Diğer Nakit Girişi/Çıkışı,Other Cash Inflow/Outflow,0.0
PETUN,2021/3,4CBI,Nakit ve Benzerlerindeki Değişim,Change in Cash & Cash Equivalents,-517763.0
PETUN,2021/3,4CBJ,Diğer Nakit ve Nakit Benzerlerindeki Artış,Other Cash & Cash Equivalents Change,0.0
PETUN,2021/3,4CBK,Dönem Başı Nakit Değerler,Cash at the beginning of the Quarter,3089178.0
PETUN,2021/3,4CBL,Dönem Sonu Nakit,Cash at the End of the Quarter,2571415.0
PETUN,2021/6,1A,Dönen Varlıklar,CURRENT ASSETS,46717391.0
PETUN,2021/6,1AA,Nakit ve Nakit Benzerleri,Cash and Cash Equivalents,1978847.0
PETUN,2021/6,1AB,Finansal Yatırımlar,Short-Term Financial Investments,0.0
PETUN,2021/6,1AC,Ticari Alacaklar,Short-Term Trade Receivables,22229487.0
PETUN,2021/6,1AD,Finans Sektörü Faaliyetlerinden Alacaklar,Short-Term Receivables from Financial Operations,0.0
PETUN,2021/6,1AE,Diğer Alacaklar,Short-Term Other Receivables,8885677.0
PETUN,2021/6,1AEA,Müşteri Sözleşmelerinden Doğan Varlıklar,nan,0.0
PETUN,2021/6,1AF,Stoklar,Inventories,10746955.0
PETUN,2021/6,1AG,Canlı Varlıklar,Short-Term Live Assets,2539985.0
PETUN,2021/6,1AH,Diğer Dönen Varlıklar,Other Current Assets,336439.0
PETUN,2021/6,1AI,(Ara Toplam),(Subtotal),46717391.0
PETUN,2021/6,1AJ,Satış Amacıyla Elde Tutulan Duran Varlıklar,Assets to be Sold,0.0
PETUN,2021/6,1AK,Duran Varlıklar,LONG TERM ASSETS,83219769.0
PETUN,2021/6,1B,Ticari Alacaklar,Trade Receivables,0.0
PETUN,2021/6,1BA,Finans Sektörü Faaliyetlerinden Alacaklar,Long-Term Receivables from Financial Operations,0.0
PETUN,2021/6,1BB,Diğer Alacaklar,Other Receivables,0.0
PETUN,2021/6,1BBA,Müşteri Sözleşmelerinden Doğan Varlıklar,nan,0.0
PETUN,2021/6,1BC,Finansal Yatırımlar,Financial Investments,284900.0
PETUN,2021/6,1BD,Özkaynak Yöntemiyle Değerlenen Yatırımlar,Investments with Equity Method,35952878.0
PETUN,2021/6,1BE,Canlı Varlıklar,Long-Term Live Assets,0.0
PETUN,2021/6,1BF,Yatırım Amaçlı Gayrimenkuller,Real Estate Investments,2671374.0
PETUN,2021/6,1BFA,Stoklar,Stoklar,0.0
PETUN,2021/6,1BFAA,Kullanım Hakkı Varlıkları,nan,419395.0
PETUN,2021/6,1BG,Maddi Duran Varlıklar,Tangible Fixed Assets,41935595.0
PETUN,2021/6,1BGA,Şerefiye,Goodwill,0.0
PETUN,2021/6,1BH,Maddi Olmayan Duran Varlıklar,Intangible Fixed Assets,511030.0
PETUN,2021/6,1BJ,Ertelenmiş Vergi Varlığı,Long Term Deffered Tax Assets,0.0
PETUN,2021/6,1BK,Diğer Duran Varlıklar,Other Long-Term Assets,1444598.0
PETUN,2021/6,1BL,TOPLAM VARLIKLAR,TOTAL ASSETS,129937161.0
PETUN,2021/6,1BM,KAYNAKLAR,LIABILITIES,0.0
PETUN,2021/6,2A,Kısa Vadeli Yükümlülükler,SHORT TERM LIABILITIES,34106912.0
PETUN,2021/6,2AA,Finansal Borçlar,Short-Term Financial Loans,9202125.0
PETUN,2021/6,2AAG,Diğer Finansal Yükümlülükler,Other Short-Term Financial Liabilities,975130.0
PETUN,2021/6,2AAGAA,Ticari Borçlar,Short-Term Trade Payables,22352444.0
PETUN,2021/6,2AAGAB,Diğer Borçlar,Other Short-Term Loans,794702.0
PETUN,2021/6,2AAGAC,Müşteri Söz. Doğan Yük.,nan,0.0
PETUN,2021/6,2AAGB,Finans Sektörü Faaliyetlerinden Borçlar,Short-Term Loans from Financial Operations,0.0
PETUN,2021/6,2AAGC,Devlet Teşvik ve Yardımları,Short-Term Government Promotions and Aids,0.0
PETUN,2021/6,2AAGCA,Ertelenmiş Gelirler (Müşteri Söz. Doğan Yük. Dış.Kal.),nan,24563.0
PETUN,2021/6,2AAGD,Dönem Karı Vergi Yükümlülüğü,Taxation Liabilities on Income (-),13278.0
PETUN,2021/6,2AAGE,Borç Karşılıkları,Short-Term Provisions,121432.0
PETUN,2021/6,2AAGF,Diğer Kısa Vadeli Yükümlülükler,Other Short-Term Liabilities,623239.0
PETUN,2021/6,2AAGG,(Ara Toplam),(Subtotal),34106912.0
PETUN,2021/6,2AAGH,Satış Amaçlı Elde Tutulan Duran Varlıklara İlişkin Yükümlülükler,Liabilities on Assets to be Sold,0.0
PETUN,2021/6,2B,Uzun Vadeli Yükümlülükler,LONG TERM LIABILITIES,10509584.0
PETUN,2021/6,2BA,Finansal Borçlar,Long-Term Financial Loans,2752920.0
PETUN,2021/6,2BB,Diğer Finansal Yükümlülükler,Other Short-Term Financial Liabilities,0.0
PETUN,2021/6,2BBA,Ticari Borçlar,Long-Term Trade Payables,0.0
PETUN,2021/6,2BBB,Diğer Borçlar,Other Long-Term Loans,0.0
PETUN,2021/6,2BBBA,Müşteri Söz.Doğan Yük.,nan,0.0
PETUN,2021/6,2BC,Finans Sektörü Faaliyetlerinden Borçlar,Long-Term Loans from Financial Operations,0.0
PETUN,2021/6,2BD,Devlet Teşvik ve Yardımları,Long-Term Government Promotions and Aids,0.0
PETUN,2021/6,2BDA,Ertelenmiş Gelirler (Müşteri Söz.Doğan Yük. Dış.Kal.),nan,0.0
PETUN,2021/6,2BE,Uzun vadeli karşılıklar,Long-Term Provisions,5030193.0
PETUN,2021/6,2BF,Çalışanlara Sağlanan Faydalara İliş.Karş.,Provisions for Retirment Pay,0.0
PETUN,2021/6,2BG,Ertelenmiş Vergi Yükümlülüğü,Deferred Tax Liabilities,2726471.0
PETUN,2021/6,2BH,Diğer Uzun Vadeli Yükümlülükler,Other Long-Term Liabilities,0.0
PETUN,2021/6,2N,Özkaynaklar,SHAREHOLDERS EQUITY,85320665.0
PETUN,2021/6,2O,Ana Ortaklığa Ait Özkaynaklar,Parent Shareholders Capital,85320665.0
PETUN,2021/6,2OA,Ödenmiş Sermaye,Share Capital,4983383.0
PETUN,2021/6,2OC,Karşılıklı İştirak Sermayesi Düzeltmesi (-),Adjustments to Share Capital,0.0
PETUN,2021/6,2OCA,Hisse Senedi İhraç Primleri,Premium in Excess of Par,0.0
PETUN,2021/6,2OCB,Değer Artış Fonları,Market Value Surpluses,0.0
PETUN,2021/6,2OCC,Yabancı Para Çevrim Farkları,FX Translation Differences,0.0
PETUN,2021/6,2OCD,Kardan Ayrılan Kısıtlanmış Yedekler,Income Reserves,6491774.0
PETUN,2021/6,2OCE,Geçmiş Yıllar Kar/Zararları,Retained Earnings /(Acc. Losses),26257148.0
PETUN,2021/6,2OCF,Dönem Net Kar/Zararı,Current Year Income /(Losses),4485824.0
PETUN,2021/6,2OD,Diğer Özsermaye Kalemleri,Other Sholders Equity Items,43102536.0
PETUN,2021/6,2ODA,Azınlık Payları,Minority Interests,0.0
PETUN,2021/6,2ODB,TOPLAM KAYNAKLAR,TOTAL LIABILITIES AND S.HOLDERS EQUITY,129937161.0
PETUN,2021/6,3B,Sürdürülen Faaliyetler,Continuing Operations,0.0
PETUN,2021/6,3C,Satış Gelirleri,Net Sales,61690741.0
PETUN,2021/6,3CA,Satışların Maliyeti (-),Cost Of Sales,-51751051.0
PETUN,2021/6,3CAA,Ticari Faaliyetlerden Diğer Kar (Zarar),Other Profit (Loss) from Trade Operations,0.0
PETUN,2021/6,3CAB,Ticari Faaliyetlerden Brüt Kar (Zarar),Gross Profit (Loss) from Trade Operations,9939690.0
PETUN,2021/6,3CAC,"Faiz, Ücret, Prim, Komisyon ve Diğer Gelirler","Proceeds from Interest, Fee, Premium, Commission and Other",0.0
PETUN,2021/6,3CAD,"Faiz, Ücret, Prim, Komisyon ve Diğer Giderler (-)","Expenses from Interest, Fee, Premium, Commission and Other",0.0
PETUN,2021/6,3CAE,Finans Sektörü Faaliyetlerinden Diğer Kar (Zarar),Other Profit (Loss) from Financial Operations,0.0
PETUN,2021/6,3CAF,Finans Sektörü Faaliyetlerinden Brüt Kar (Zarar),Gross Profit (Loss) from Financial Operations,0.0
PETUN,2021/6,3CB,Diğer Gelir ve Giderler,Other Income (Expenses),31284.0
PETUN,2021/6,3D,BRÜT KAR (ZARAR),GROSS PROFIT (LOSS),9970974.0
PETUN,2021/6,3DA,"Pazarlama, Satış ve Dağıtım Giderleri (-)",Marketing Selling & Distrib. Expenses (-),-2881474.0
PETUN,2021/6,3DB,Genel Yönetim Giderleri (-),General Administrative Expenses (-),-1997870.0
PETUN,2021/6,3DC,Araştırma ve Geliştirme Giderleri (-),Research & Development Expenses (-),-266661.0
PETUN,2021/6,3DD,Diğer Faaliyet Gelirleri,Income from Other Operations,658650.0
PETUN,2021/6,3DE,Diğer Faaliyet Giderleri (-),Expenses from Other Operations (-),-169349.0
PETUN,2021/6,3DEA,Faaliyet Karı Öncesi Diğer Gelir ve Giderler,Other Income (Expenses) Before Operating Profits,0.0
PETUN,2021/6,3DF,FAALİYET KARI (ZARARI),OPERATING PROFITS,5314270.0
PETUN,2021/6,3H,Net Faaliyet Kar/Zararı,Net Operating Profits,4824969.0
PETUN,2021/6,3HA,Yatırım Faaliyetlerinden Gelirler,nan,972737.0
PETUN,2021/6,3HAA,Yatırım Faaliyetlerinden Giderler (-),nan,-14229.0
PETUN,2021/6,3HAB,Diğer Gelir ve Giderler,nan,0.0
PETUN,2021/6,3HAC,Özkaynak Yöntemiyle Değerlenen Yatırımların Kar/Zararlarındaki Paylar,Profit (Loss) from Subsidiaries,-373701.0
PETUN,2021/6,3HACA,Finansman Gideri Öncesi Faaliyet Karı/Zararı,nan,5899077.0
PETUN,2021/6,3HB,(Esas Faaliyet Dışı) Finansal Gelirler,Financial Income (from Other Operations),208351.0
PETUN,2021/6,3HC,(Esas Faaliyet Dışı) Finansal Giderler (-),Financial Expenses (from Other Operations) (-),-1289969.0
PETUN,2021/6,3HCA,Vergi Öncesi Diğer Gelir ve Giderler,Other Income (Expenses) Before Tax,958508.0
PETUN,2021/6,3I,SÜRDÜRÜLEN FAALİYETLER VERGİ ÖNCESİ KARI (ZARARI),PROFIT BEFORE TAX FROM CONTINUING OPERATIONS,4817459.0
PETUN,2021/6,3IA,Sürdürülen Faaliyetler Vergi Geliri (Gideri),Taxation on Continuing Operations,126662.0
PETUN,2021/6,3IB,Dönem Vergi Geliri (Gideri),Taxation on Income (Expenses),-27809.0
PETUN,2021/6,3IC,Ertelenmiş Vergi Geliri (Gideri),Income (Expenses) of Deferred Tax,154471.0
PETUN,2021/6,3ID,Diğer Vergi Geliri (Gideri),Other Taxation Income (Expenses),0.0
PETUN,2021/6,3J,SÜRDÜRÜLEN FAALİYETLER DÖNEM KARI/ZARARI,PROFIT FROM CONTINUING OPERATIONS,4944120.0
PETUN,2021/6,3K,DURDURULAN FAALİYETLER,DISCONTINUED OPERATIONS,0.0
PETUN,2021/6,3KA,Durdurulan Faaliyetler Vergi Sonrası Dönem Karı (Zararı),Profit After Taxes from Discontinued Operations,0.0
PETUN,2021/6,3L,DÖNEM KARI (ZARARI),NET PROFIT AFTER TAXES,4944120.0
PETUN,2021/6,3LA,Dönem Kar/Zararının Dağılımı,Distrubition of Profit (Loss),0.0
PETUN,2021/6,3LB,Azınlık Payları,Minority Interests,0.0
PETUN,2021/6,3Z,Ana Ortaklık Payları,Parent Shares,4944120.0
PETUN,2021/6,3ZD,Hisse Başına Kazanç,Earnings per Share,0.0
PETUN,2021/6,3ZE,Seyreltilmiş Hisse Başına Kazanç,Diluted Earnings per Share,0.0
PETUN,2021/6,3ZF,Sürdürülen Faaliyetlerden Hisse Başına Kazanç,Earnings per Share from Continuing Operations,0.0
PETUN,2021/6,3ZG,Sürdürülen Faaliyetlerden Seyreltilmiş Hisse Başına Kazanç,Earnings per Share from Discontinued Operations,0.0
PETUN,2021/6,4B,Amortisman Giderleri,Depreciation & Amortization,1376730.0
PETUN,2021/6,4BA,Kıdem Tazminatı,Severance Payments,203135.0
PETUN,2021/6,4BB,Finansman Giderleri,Financial Expenses,-1289969.0
PETUN,2021/6,4BC,Yurtiçi Satışlar,Domestic Sales,72671365.0
PETUN,2021/6,4BD,Yurtdışı Satışlar,Export Sales,2150549.0
PETUN,2021/6,4BE,Net Yabancı Para Pozisyonu,Net Fx Position,493187.0
PETUN,2021/6,4BEA,Parasal net yabancı para varlık/(yükümlülük) pozisyonu,Parasal net yabancı para varlık/(yükümlülük) pozisyonu,474583.0
PETUN,2021/6,4BEB,Net YPP (Hedge Dahil),Net YPP (Hedge Dahil),493187.0
PETUN,2021/6,4C,İşletme Faaliyetlerinden Kaynaklanan Net Nakit,Net Cash from Operations,6638736.0
PETUN,2021/6,4CA,Düzeltme Öncesi Kar,Earnings Before Adjustments,4944120.0
PETUN,2021/6,4CAA,Düzeltmeler:,Adjustments:,1879157.0
PETUN,2021/6,4CAB,Amortisman & İtfa Payları,Depreciation & Amortisation,1376730.0
PETUN,2021/6,4CAC,Karşılıklardaki Değişim,Change in Provisions,456298.0
PETUN,2021/6,4CAD,Diğer Gelir/ Gider,Other Income / Expense,46128.0
PETUN,2021/6,4CAE,İşletme Sermayesinde Değişikler Öncesi Faaliyet Karı (+),Operating Profit Before Changes in Working Capital (+),6823277.0
PETUN,2021/6,4CAF,İşletme Sermayesindeki Değişiklikler,Change in Working Capital,680980.0
PETUN,2021/6,4CAG,Esas Faaliyet ile İlgili Oluşan Nakit (+),Cash from Core Operations (+),7504257.0
PETUN,2021/6,4CAH,Diğer İşletme Faaliyetlerinden Nakit,Cash from Other Operations,-865521.0
PETUN,2021/6,4CAI,Sabit Sermaye Yatırımları,Capital Expenditures (CapEx),-1671149.0
PETUN,2021/6,4CAJ,Diğer Yatırım Faaliyetlerinden Nakit,Cash from Other Investment Operations,2960277.0
PETUN,2021/6,4CAK,Yatırım Faaliyetlerinden Kaynaklanan Nakit,Cash from Investment Operations,1289129.0
PETUN,2021/6,4CB,Serbest Nakit Akım,Free Cash Flow,7927865.0
PETUN,2021/6,4CBA,Finansal Borçlardaki Değişim,Change in Financial Debt,3138327.0
PETUN,2021/6,4CBB,Temettü Ödemeleri,Dividends Paid,-10901833.0
PETUN,2021/6,4CBC,Sermaye Artırımı,Rights Issue,0.0
PETUN,2021/6,4CBD,Diğer Finansman Faaliyetlerinden Nakit,Cash from Other Financial Operations,-958608.0
PETUN,2021/6,4CBE,Finansman Faaliyetlerden Kaynaklanan Nakit,Cash from Financial Operations,-8722114.0
PETUN,2021/6,4CBF,Yab. Para Çev. Fark. Etk. Önc.Nak.Ve Nak. Benz. Net Artış/Azalış,Cash Net Inc. / Dec. before For.Cur. Trans. Dif.,-794249.0
PETUN,2021/6,4CBG,Yab.ı Para Çevrim Fark. Nakit Ve Nakit Benz. Üzerindeki Etkisi,Foreign Curr. Trans.Diff.Cash and Cash Benz. Imp.,75879.0
PETUN,2021/6,4CBH,Diğer Nakit Girişi/Çıkışı,Other Cash Inflow/Outflow,0.0
PETUN,2021/6,4CBI,Nakit ve Benzerlerindeki Değişim,Change in Cash & Cash Equivalents,-718371.0
PETUN,2021/6,4CBJ,Diğer Nakit ve Nakit Benzerlerindeki Artış,Other Cash & Cash Equivalents Change,0.0
PETUN,2021/6,4CBK,Dönem Başı Nakit Değerler,Cash at the beginning of the Quarter,2899388.0
PETUN,2021/6,4CBL,Dönem Sonu Nakit,Cash at the End of the Quarter,2181017.0
PETUN,2021/9,1A,Dönen Varlıklar,CURRENT ASSETS,54079403.0
PETUN,2021/9,1AA,Nakit ve Nakit Benzerleri,Cash and Cash Equivalents,5326625.0
PETUN,2021/9,1AB,Finansal Yatırımlar,Short-Term Financial Investments,0.0
PETUN,2021/9,1AC,Ticari Alacaklar,Short-Term Trade Receivables,24886380.0
PETUN,2021/9,1AD,Finans Sektörü Faaliyetlerinden Alacaklar,Short-Term Receivables from Financial Operations,0.0
PETUN,2021/9,1AE,Diğer Alacaklar,Short-Term Other Receivables,10533530.0
PETUN,2021/9,1AEA,Müşteri Sözleşmelerinden Doğan Varlıklar,nan,0.0
PETUN,2021/9,1AF,Stoklar,Inventories,10233499.0
PETUN,2021/9,1AG,Canlı Varlıklar,Short-Term Live Assets,2789666.0
PETUN,2021/9,1AH,Diğer Dönen Varlıklar,Other Current Assets,309703.0
PETUN,2021/9,1AI,(Ara Toplam),(Subtotal),54079403.0
PETUN,2021/9,1AJ,Satış Amacıyla Elde Tutulan Duran Varlıklar,Assets to be Sold,0.0
PETUN,2021/9,1AK,Duran Varlıklar,LONG TERM ASSETS,83608360.0
PETUN,2021/9,1B,Ticari Alacaklar,Trade Receivables,0.0
PETUN,2021/9,1BA,Finans Sektörü Faaliyetlerinden Alacaklar,Long-Term Receivables from Financial Operations,0.0
PETUN,2021/9,1BB,Diğer Alacaklar,Other Receivables,0.0
PETUN,2021/9,1BBA,Müşteri Sözleşmelerinden Doğan Varlıklar,nan,0.0
PETUN,2021/9,1BC,Finansal Yatırımlar,Financial Investments,278538.0
PETUN,2021/9,1BD,Özkaynak Yöntemiyle Değerlenen Yatırımlar,Investments with Equity Method,37385519.0
PETUN,2021/9,1BE,Canlı Varlıklar,Long-Term Live Assets,0.0
PETUN,2021/9,1BF,Yatırım Amaçlı Gayrimenkuller,Real Estate Investments,2611726.0
PETUN,2021/9,1BFA,Stoklar,Stoklar,0.0
PETUN,2021/9,1BFAA,Kullanım Hakkı Varlıkları,nan,413130.0
PETUN,2021/9,1BG,Maddi Duran Varlıklar,Tangible Fixed Assets,40957799.0
PETUN,2021/9,1BGA,Şerefiye,Goodwill,0.0
PETUN,2021/9,1BH,Maddi Olmayan Duran Varlıklar,Intangible Fixed Assets,507598.0
PETUN,2021/9,1BJ,Ertelenmiş Vergi Varlığı,Long Term Deffered Tax Assets,0.0
PETUN,2021/9,1BK,Diğer Duran Varlıklar,Other Long-Term Assets,1454049.0
PETUN,2021/9,1BL,TOPLAM VARLIKLAR,TOTAL ASSETS,137687763.0
PETUN,2021/9,1BM,KAYNAKLAR,LIABILITIES,0.0
PETUN,2021/9,2A,Kısa Vadeli Yükümlülükler,SHORT TERM LIABILITIES,37550885.0
PETUN,2021/9,2AA,Finansal Borçlar,Short-Term Financial Loans,11700501.0
PETUN,2021/9,2AAG,Diğer Finansal Yükümlülükler,Other Short-Term Financial Liabilities,1188188.0
PETUN,2021/9,2AAGAA,Ticari Borçlar,Short-Term Trade Payables,22774310.0
PETUN,2021/9,2AAGAB,Diğer Borçlar,Other Short-Term Loans,810217.0
PETUN,2021/9,2AAGAC,Müşteri Söz. Doğan Yük.,nan,0.0
PETUN,2021/9,2AAGB,Finans Sektörü Faaliyetlerinden Borçlar,Short-Term Loans from Financial Operations,0.0
PETUN,2021/9,2AAGC,Devlet Teşvik ve Yardımları,Short-Term Government Promotions and Aids,0.0
PETUN,2021/9,2AAGCA,Ertelenmiş Gelirler (Müşteri Söz. Doğan Yük. Dış.Kal.),nan,65538.0
PETUN,2021/9,2AAGD,Dönem Karı Vergi Yükümlülüğü,Taxation Liabilities on Income (-),372521.0
PETUN,2021/9,2AAGE,Borç Karşılıkları,Short-Term Provisions,118811.0
PETUN,2021/9,2AAGF,Diğer Kısa Vadeli Yükümlülükler,Other Short-Term Liabilities,520798.0
PETUN,2021/9,2AAGG,(Ara Toplam),(Subtotal),37550885.0
PETUN,2021/9,2AAGH,Satış Amaçlı Elde Tutulan Duran Varlıklara İlişkin Yükümlülükler,Liabilities on Assets to be Sold,0.0
PETUN,2021/9,2B,Uzun Vadeli Yükümlülükler,LONG TERM LIABILITIES,11634312.0
PETUN,2021/9,2BA,Finansal Borçlar,Long-Term Financial Loans,4031183.0
PETUN,2021/9,2BB,Diğer Finansal Yükümlülükler,Other Short-Term Financial Liabilities,0.0
PETUN,2021/9,2BBA,Ticari Borçlar,Long-Term Trade Payables,0.0
PETUN,2021/9,2BBB,Diğer Borçlar,Other Long-Term Loans,0.0
PETUN,2021/9,2BBBA,Müşteri Söz.Doğan Yük.,nan,0.0
PETUN,2021/9,2BC,Finans Sektörü Faaliyetlerinden Borçlar,Long-Term Loans from Financial Operations,0.0
PETUN,2021/9,2BD,Devlet Teşvik ve Yardımları,Long-Term Government Promotions and Aids,0.0
PETUN,2021/9,2BDA,Ertelenmiş Gelirler (Müşteri Söz.Doğan Yük. Dış.Kal.),nan,0.0
PETUN,2021/9,2BE,Uzun vadeli karşılıklar,Long-Term Provisions,4981845.0
PETUN,2021/9,2BF,Çalışanlara Sağlanan Faydalara İliş.Karş.,Provisions for Retirment Pay,0.0
PETUN,2021/9,2BG,Ertelenmiş Vergi Yükümlülüğü,Deferred Tax Liabilities,2621285.0
PETUN,2021/9,2BH,Diğer Uzun Vadeli Yükümlülükler,Other Long-Term Liabilities,0.0
PETUN,2021/9,2N,Özkaynaklar,SHAREHOLDERS EQUITY,88502566.0
PETUN,2021/9,2O,Ana Ortaklığa Ait Özkaynaklar,Parent Shareholders Capital,88502566.0
PETUN,2021/9,2OA,Ödenmiş Sermaye,Share Capital,4872112.0
PETUN,2021/9,2OC,Karşılıklı İştirak Sermayesi Düzeltmesi (-),Adjustments to Share Capital,0.0
PETUN,2021/9,2OCA,Hisse Senedi İhraç Primleri,Premium in Excess of Par,0.0
PETUN,2021/9,2OCB,Değer Artış Fonları,Market Value Surpluses,0.0
PETUN,2021/9,2OCC,Yabancı Para Çevrim Farkları,FX Translation Differences,0.0
PETUN,2021/9,2OCD,Kardan Ayrılan Kısıtlanmış Yedekler,Income Reserves,6346823.0
PETUN,2021/9,2OCE,Geçmiş Yıllar Kar/Zararları,Retained Earnings /(Acc. Losses),25842938.0
PETUN,2021/9,2OCF,Dönem Net Kar/Zararı,Current Year Income /(Losses),8636846.0
PETUN,2021/9,2OD,Diğer Özsermaye Kalemleri,Other Sholders Equity Items,42803847.0
PETUN,2021/9,2ODA,Azınlık Payları,Minority Interests,0.0
PETUN,2021/9,2ODB,TOPLAM KAYNAKLAR,TOTAL LIABILITIES AND S.HOLDERS EQUITY,137687763.0
PETUN,2021/9,3B,Sürdürülen Faaliyetler,Continuing Operations,0.0
PETUN,2021/9,3C,Satış Gelirleri,Net Sales,99067778.0
PETUN,2021/9,3CA,Satışların Maliyeti (-),Cost Of Sales,-82529110.0
PETUN,2021/9,3CAA,Ticari Faaliyetlerden Diğer Kar (Zarar),Other Profit (Loss) from Trade Operations,0.0
PETUN,2021/9,3CAB,Ticari Faaliyetlerden Brüt Kar (Zarar),Gross Profit (Loss) from Trade Operations,16538669.0
PETUN,2021/9,3CAC,"Faiz, Ücret, Prim, Komisyon ve Diğer Gelirler","Proceeds from Interest, Fee, Premium, Commission and Other",0.0
PETUN,2021/9,3CAD,"Faiz, Ücret, Prim, Komisyon ve Diğer Giderler (-)","Expenses from Interest, Fee, Premium, Commission and Other",0.0
PETUN,2021/9,3CAE,Finans Sektörü Faaliyetlerinden Diğer Kar (Zarar),Other Profit (Loss) from Financial Operations,0.0
PETUN,2021/9,3CAF,Finans Sektörü Faaliyetlerinden Brüt Kar (Zarar),Gross Profit (Loss) from Financial Operations,0.0
PETUN,2021/9,3CB,Diğer Gelir ve Giderler,Other Income (Expenses),-24008.0
PETUN,2021/9,3D,BRÜT KAR (ZARAR),GROSS PROFIT (LOSS),16514660.0
PETUN,2021/9,3DA,"Pazarlama, Satış ve Dağıtım Giderleri (-)",Marketing Selling & Distrib. Expenses (-),-4865656.0
PETUN,2021/9,3DB,Genel Yönetim Giderleri (-),General Administrative Expenses (-),-2971845.0
PETUN,2021/9,3DC,Araştırma ve Geliştirme Giderleri (-),Research & Development Expenses (-),-410392.0
PETUN,2021/9,3DD,Diğer Faaliyet Gelirleri,Income from Other Operations,830609.0
PETUN,2021/9,3DE,Diğer Faaliyet Giderleri (-),Expenses from Other Operations (-),-286713.0
PETUN,2021/9,3DEA,Faaliyet Karı Öncesi Diğer Gelir ve Giderler,Other Income (Expenses) Before Operating Profits,0.0
PETUN,2021/9,3DF,FAALİYET KARI (ZARARI),OPERATING PROFITS,8810663.0
PETUN,2021/9,3H,Net Faaliyet Kar/Zararı,Net Operating Profits,8266767.0
PETUN,2021/9,3HA,Yatırım Faaliyetlerinden Gelirler,nan,1353915.0
PETUN,2021/9,3HAA,Yatırım Faaliyetlerinden Giderler (-),nan,-13853.0
PETUN,2021/9,3HAB,Diğer Gelir ve Giderler,nan,0.0
PETUN,2021/9,3HAC,Özkaynak Yöntemiyle Değerlenen Yatırımların Kar/Zararlarındaki Paylar,Profit (Loss) from Subsidiaries,1174962.0
PETUN,2021/9,3HACA,Finansman Gideri Öncesi Faaliyet Karı/Zararı,nan,11325687.0
PETUN,2021/9,3HB,(Esas Faaliyet Dışı) Finansal Gelirler,Financial Income (from Other Operations),304891.0
PETUN,2021/9,3HC,(Esas Faaliyet Dışı) Finansal Giderler (-),Financial Expenses (from Other Operations) (-),-1969630.0
PETUN,2021/9,3HCA,Vergi Öncesi Diğer Gelir ve Giderler,Other Income (Expenses) Before Tax,1340062.0
PETUN,2021/9,3I,SÜRDÜRÜLEN FAALİYETLER VERGİ ÖNCESİ KARI (ZARARI),PROFIT BEFORE TAX FROM CONTINUING OPERATIONS,9660948.0
PETUN,2021/9,3IA,Sürdürülen Faaliyetler Vergi Geliri (Gideri),Taxation on Continuing Operations,-181590.0
PETUN,2021/9,3IB,Dönem Vergi Geliri (Gideri),Taxation on Income (Expenses),-438389.0
PETUN,2021/9,3IC,Ertelenmiş Vergi Geliri (Gideri),Income (Expenses) of Deferred Tax,256799.0
PETUN,2021/9,3ID,Diğer Vergi Geliri (Gideri),Other Taxation Income (Expenses),0.0
PETUN,2021/9,3J,SÜRDÜRÜLEN FAALİYETLER DÖNEM KARI/ZARARI,PROFIT FROM CONTINUING OPERATIONS,9479359.0
PETUN,2021/9,3K,DURDURULAN FAALİYETLER,DISCONTINUED OPERATIONS,0.0
PETUN,2021/9,3KA,Durdurulan Faaliyetler Vergi Sonrası Dönem Karı (Zararı),Profit After Taxes from Discontinued Operations,0.0
PETUN,2021/9,3L,DÖNEM KARI (ZARARI),NET PROFIT AFTER TAXES,9479359.0
PETUN,2021/9,3LA,Dönem Kar/Zararının Dağılımı,Distrubition of Profit (Loss),0.0
PETUN,2021/9,3LB,Azınlık Payları,Minority Interests,0.0
PETUN,2021/9,3Z,Ana Ortaklık Payları,Parent Shares,9479359.0
PETUN,2021/9,3ZD,Hisse Başına Kazanç,Earnings per Share,0.0
PETUN,2021/9,3ZE,Seyreltilmiş Hisse Başına Kazanç,Diluted Earnings per Share,0.0
PETUN,2021/9,3ZF,Sürdürülen Faaliyetlerden Hisse Başına Kazanç,Earnings per Share from Continuing Operations,0.0
PETUN,2021/9,3ZG,Sürdürülen Faaliyetlerden Seyreltilmiş Hisse Başına Kazanç,Earnings per Share from Discontinued Operations,0.0
PETUN,2021/9,4B,Amortisman Giderleri,Depreciation & Amortization,2017376.0
PETUN,2021/9,4BA,Kıdem Tazminatı,Severance Payments,294655.0
PETUN,2021/9,4BB,Finansman Giderleri,Financial Expenses,-1969630.0
PETUN,2021/9,4BC,Yurtiçi Satışlar,Domestic Sales,116332758.0
PETUN,2021/9,4BD,Yurtdışı Satışlar,Export Sales,3102695.0
PETUN,2021/9,4BE,Net Yabancı Para Pozisyonu,Net Fx Position,2948195.0
PETUN,2021/9,4BEA,Parasal net yabancı para varlık/(yükümlülük) pozisyonu,Parasal net yabancı para varlık/(yükümlülük) pozisyonu,2935979.0
PETUN,2021/9,4BEB,Net YPP (Hedge Dahil),Net YPP (Hedge Dahil),2948195.0
PETUN,2021/9,4C,İşletme Faaliyetlerinden Kaynaklanan Net Nakit,Net Cash from Operations,8101370.0
PETUN,2021/9,4CA,Düzeltme Öncesi Kar,Earnings Before Adjustments,9479359.0
PETUN,2021/9,4CAA,Düzeltmeler:,Adjustments:,1070938.0
PETUN,2021/9,4CAB,Amortisman & İtfa Payları,Depreciation & Amortisation,2017376.0
PETUN,2021/9,4CAC,Karşılıklardaki Değişim,Change in Provisions,281950.0
PETUN,2021/9,4CAD,Diğer Gelir/ Gider,Other Income / Expense,-1228388.0
PETUN,2021/9,4CAE,İşletme Sermayesinde Değişikler Öncesi Faaliyet Karı (+),Operating Profit Before Changes in Working Capital (+),10550297.0
PETUN,2021/9,4CAF,İşletme Sermayesindeki Değişiklikler,Change in Working Capital,-1453209.0
PETUN,2021/9,4CAG,Esas Faaliyet ile İlgili Oluşan Nakit (+),Cash from Core Operations (+),9097088.0
PETUN,2021/9,4CAH,Diğer İşletme Faaliyetlerinden Nakit,Cash from Other Operations,-995718.0
PETUN,2021/9,4CAI,Sabit Sermaye Yatırımları,Capital Expenditures (CapEx),-2235780.0
PETUN,2021/9,4CAJ,Diğer Yatırım Faaliyetlerinden Nakit,Cash from Other Investment Operations,1336043.0
PETUN,2021/9,4CAK,Yatırım Faaliyetlerinden Kaynaklanan Nakit,Cash from Investment Operations,-899737.0
PETUN,2021/9,4CB,Serbest Nakit Akım,Free Cash Flow,7201633.0
PETUN,2021/9,4CBA,Finansal Borçlardaki Değişim,Change in Financial Debt,7739721.0
PETUN,2021/9,4CBB,Temettü Ödemeleri,Dividends Paid,-10720195.0
PETUN,2021/9,4CBC,Sermaye Artırımı,Rights Issue,0.0
PETUN,2021/9,4CBD,Diğer Finansman Faaliyetlerinden Nakit,Cash from Other Financial Operations,-1405216.0
PETUN,2021/9,4CBE,Finansman Faaliyetlerden Kaynaklanan Nakit,Cash from Financial Operations,-4385690.0
PETUN,2021/9,4CBF,Yab. Para Çev. Fark. Etk. Önc.Nak.Ve Nak. Benz. Net Artış/Azalış,Cash Net Inc. / Dec. before For.Cur. Trans. Dif.,2815944.0
PETUN,2021/9,4CBG,Yab.ı Para Çevrim Fark. Nakit Ve Nakit Benz. Üzerindeki Etkisi,Foreign Curr. Trans.Diff.Cash and Cash Benz. Imp.,207511.0
PETUN,2021/9,4CBH,Diğer Nakit Girişi/Çıkışı,Other Cash Inflow/Outflow,0.0
PETUN,2021/9,4CBI,Nakit ve Benzerlerindeki Değişim,Change in Cash & Cash Equivalents,3023455.0
PETUN,2021/9,4CBJ,Diğer Nakit ve Nakit Benzerlerindeki Artış,Other Cash & Cash Equivalents Change,0.0
PETUN,2021/9,4CBK,Dönem Başı Nakit Değerler,Cash at the beginning of the Quarter,2822775.0
PETUN,2021/9,4CBL,Dönem Sonu Nakit,Cash at the End of the Quarter,5846230.0
PETUN,2022/12,1A,Dönen Varlıklar,CURRENT ASSETS,94379556.0
PETUN,2022/12,1AA,Nakit ve Nakit Benzerleri,Cash and Cash Equivalents,4944667.0
PETUN,2022/12,1AB,Finansal Yatırımlar,Short-Term Financial Investments,0.0
PETUN,2022/12,1AC,Ticari Alacaklar,Short-Term Trade Receivables,33908396.0
PETUN,2022/12,1AD,Finans Sektörü Faaliyetlerinden Alacaklar,Short-Term Receivables from Financial Operations,0.0
PETUN,2022/12,1AE,Diğer Alacaklar,Short-Term Other Receivables,16100704.0
PETUN,2022/12,1AEA,Müşteri Sözleşmelerinden Doğan Varlıklar,nan,0.0
PETUN,2022/12,1AF,Stoklar,Inventories,24036119.0
PETUN,2022/12,1AG,Canlı Varlıklar,Short-Term Live Assets,12176149.0
PETUN,2022/12,1AH,Diğer Dönen Varlıklar,Other Current Assets,3213519.0
PETUN,2022/12,1AI,(Ara Toplam),(Subtotal),94379556.0
PETUN,2022/12,1AJ,Satış Amacıyla Elde Tutulan Duran Varlıklar,Assets to be Sold,0.0
PETUN,2022/12,1AK,Duran Varlıklar,LONG TERM ASSETS,270964797.0
PETUN,2022/12,1B,Ticari Alacaklar,Trade Receivables,0.0
PETUN,2022/12,1BA,Finans Sektörü Faaliyetlerinden Alacaklar,Long-Term Receivables from Financial Operations,0.0
PETUN,2022/12,1BB,Diğer Alacaklar,Other Receivables,0.0
PETUN,2022/12,1BBA,Müşteri Sözleşmelerinden Doğan Varlıklar,nan,0.0
PETUN,2022/12,1BC,Finansal Yatırımlar,Financial Investments,1055967.0
PETUN,2022/12,1BD,Özkaynak Yöntemiyle Değerlenen Yatırımlar,Investments with Equity Method,67680583.0
PETUN,2022/12,1BE,Canlı Varlıklar,Long-Term Live Assets,0.0
PETUN,2022/12,1BF,Yatırım Amaçlı Gayrimenkuller,Real Estate Investments,7153178.0
PETUN,2022/12,1BFA,Stoklar,Stoklar,0.0
PETUN,2022/12,1BFAA,Kullanım Hakkı Varlıkları,nan,644006.0
PETUN,2022/12,1BG,Maddi Duran Varlıklar,Tangible Fixed Assets,193544443.0
PETUN,2022/12,1BGA,Şerefiye,Goodwill,0.0
PETUN,2022/12,1BH,Maddi Olmayan Duran Varlıklar,Intangible Fixed Assets,594082.0
PETUN,2022/12,1BJ,Ertelenmiş Vergi Varlığı,Long Term Deffered Tax Assets,0.0
PETUN,2022/12,1BK,Diğer Duran Varlıklar,Other Long-Term Assets,292537.0
PETUN,2022/12,1BL,TOPLAM VARLIKLAR,TOTAL ASSETS,365344352.0
PETUN,2022/12,1BM,KAYNAKLAR,LIABILITIES,0.0
PETUN,2022/12,2A,Kısa Vadeli Yükümlülükler,SHORT TERM LIABILITIES,75713094.0
PETUN,2022/12,2AA,Finansal Borçlar,Short-Term Financial Loans,32793591.0
PETUN,2022/12,2AAG,Diğer Finansal Yükümlülükler,Other Short-Term Financial Liabilities,2561404.0
PETUN,2022/12,2AAGAA,Ticari Borçlar,Short-Term Trade Payables,32784293.0
PETUN,2022/12,2AAGAB,Diğer Borçlar,Other Short-Term Loans,5438008.0
PETUN,2022/12,2AAGAC,Müşteri Söz. Doğan Yük.,nan,0.0
PETUN,2022/12,2AAGB,Finans Sektörü Faaliyetlerinden Borçlar,Short-Term Loans from Financial Operations,0.0
PETUN,2022/12,2AAGC,Devlet Teşvik ve Yardımları,Short-Term Government Promotions and Aids,0.0
PETUN,2022/12,2AAGCA,Ertelenmiş Gelirler (Müşteri Söz. Doğan Yük. Dış.Kal.),nan,105034.0
PETUN,2022/12,2AAGD,Dönem Karı Vergi Yükümlülüğü,Taxation Liabilities on Income (-),0.0
PETUN,2022/12,2AAGE,Borç Karşılıkları,Short-Term Provisions,1544195.0
PETUN,2022/12,2AAGF,Diğer Kısa Vadeli Yükümlülükler,Other Short-Term Liabilities,486569.0
PETUN,2022/12,2AAGG,(Ara Toplam),(Subtotal),75713094.0
PETUN,2022/12,2AAGH,Satış Amaçlı Elde Tutulan Duran Varlıklara İlişkin Yükümlülükler,Liabilities on Assets to be Sold,0.0
PETUN,2022/12,2B,Uzun Vadeli Yükümlülükler,LONG TERM LIABILITIES,33882545.0
PETUN,2022/12,2BA,Finansal Borçlar,Long-Term Financial Loans,1804673.0
PETUN,2022/12,2BB,Diğer Finansal Yükümlülükler,Other Short-Term Financial Liabilities,0.0
PETUN,2022/12,2BBA,Ticari Borçlar,Long-Term Trade Payables,0.0
PETUN,2022/12,2BBB,Diğer Borçlar,Other Long-Term Loans,0.0
PETUN,2022/12,2BBBA,Müşteri Söz.Doğan Yük.,nan,0.0
PETUN,2022/12,2BC,Finans Sektörü Faaliyetlerinden Borçlar,Long-Term Loans from Financial Operations,0.0
PETUN,2022/12,2BD,Devlet Teşvik ve Yardımları,Long-Term Government Promotions and Aids,0.0
PETUN,2022/12,2BDA,Ertelenmiş Gelirler (Müşteri Söz.Doğan Yük. Dış.Kal.),nan,0.0
PETUN,2022/12,2BE,Uzun vadeli karşılıklar,Long-Term Provisions,12698653.0
PETUN,2022/12,2BF,Çalışanlara Sağlanan Faydalara İliş.Karş.,Provisions for Retirment Pay,0.0
PETUN,2022/12,2BG,Ertelenmiş Vergi Yükümlülüğü,Deferred Tax Liabilities,19379219.0
PETUN,2022/12,2BH,Diğer Uzun Vadeli Yükümlülükler,Other Long-Term Liabilities,0.0
PETUN,2022/12,2N,Özkaynaklar,SHAREHOLDERS EQUITY,255748713.0
PETUN,2022/12,2O,Ana Ortaklığa Ait Özkaynaklar,Parent Shareholders Capital,255748713.0
PETUN,2022/12,2OA,Ödenmiş Sermaye,Share Capital,2313421.0
PETUN,2022/12,2OC,Karşılıklı İştirak Sermayesi Düzeltmesi (-),Adjustments to Share Capital,0.0
PETUN,2022/12,2OCA,Hisse Senedi İhraç Primleri,Premium in Excess of Par,0.0
PETUN,2022/12,2OCB,Değer Artış Fonları,Market Value Surpluses,0.0
PETUN,2022/12,2OCC,Yabancı Para Çevrim Farkları,FX Translation Differences,0.0
PETUN,2022/12,2OCD,Kardan Ayrılan Kısıtlanmış Yedekler,Income Reserves,24427057.0
PETUN,2022/12,2OCE,Geçmiş Yıllar Kar/Zararları,Retained Earnings /(Acc. Losses),58553231.0
PETUN,2022/12,2OCF,Dönem Net Kar/Zararı,Current Year Income /(Losses),17934019.0
PETUN,2022/12,2OD,Diğer Özsermaye Kalemleri,Other Sholders Equity Items,152520985.0
PETUN,2022/12,2ODA,Azınlık Payları,Minority Interests,0.0
PETUN,2022/12,2ODB,TOPLAM KAYNAKLAR,TOTAL LIABILITIES AND S.HOLDERS EQUITY,365344352.0
PETUN,2022/12,3B,Sürdürülen Faaliyetler,Continuing Operations,0.0
PETUN,2022/12,3C,Satış Gelirleri,Net Sales,243263679.0
PETUN,2022/12,3CA,Satışların Maliyeti (-),Cost Of Sales,-212323148.0
PETUN,2022/12,3CAA,Ticari Faaliyetlerden Diğer Kar (Zarar),Other Profit (Loss) from Trade Operations,0.0
PETUN,2022/12,3CAB,Ticari Faaliyetlerden Brüt Kar (Zarar),Gross Profit (Loss) from Trade Operations,30940530.0
PETUN,2022/12,3CAC,"Faiz, Ücret, Prim, Komisyon ve Diğer Gelirler","Proceeds from Interest, Fee, Premium, Commission and Other",0.0
PETUN,2022/12,3CAD,"Faiz, Ücret, Prim, Komisyon ve Diğer Giderler (-)","Expenses from Interest, Fee, Premium, Commission and Other",0.0
PETUN,2022/12,3CAE,Finans Sektörü Faaliyetlerinden Diğer Kar (Zarar),Other Profit (Loss) from Financial Operations,0.0
PETUN,2022/12,3CAF,Finans Sektörü Faaliyetlerinden Brüt Kar (Zarar),Gross Profit (Loss) from Financial Operations,0.0
PETUN,2022/12,3CB,Diğer Gelir ve Giderler,Other Income (Expenses),-3582878.0
PETUN,2022/12,3D,BRÜT KAR (ZARAR),GROSS PROFIT (LOSS),27357653.0
PETUN,2022/12,3DA,"Pazarlama, Satış ve Dağıtım Giderleri (-)",Marketing Selling & Distrib. Expenses (-),-14317229.0
PETUN,2022/12,3DB,Genel Yönetim Giderleri (-),General Administrative Expenses (-),-7335136.0
PETUN,2022/12,3DC,Araştırma ve Geliştirme Giderleri (-),Research & Development Expenses (-),-1021818.0
PETUN,2022/12,3DD,Diğer Faaliyet Gelirleri,Income from Other Operations,2664543.0
PETUN,2022/12,3DE,Diğer Faaliyet Giderleri (-),Expenses from Other Operations (-),-2588007.0
PETUN,2022/12,3DEA,Faaliyet Karı Öncesi Diğer Gelir ve Giderler,Other Income (Expenses) Before Operating Profits,0.0
PETUN,2022/12,3DF,FAALİYET KARI (ZARARI),OPERATING PROFITS,4760005.0
PETUN,2022/12,3H,Net Faaliyet Kar/Zararı,Net Operating Profits,4683469.0
PETUN,2022/12,3HA,Yatırım Faaliyetlerinden Gelirler,nan,2977615.0
PETUN,2022/12,3HAA,Yatırım Faaliyetlerinden Giderler (-),nan,-364416.0
PETUN,2022/12,3HAB,Diğer Gelir ve Giderler,nan,0.0
PETUN,2022/12,3HAC,Özkaynak Yöntemiyle Değerlenen Yatırımların Kar/Zararlarındaki Paylar,Profit (Loss) from Subsidiaries,10867536.0
PETUN,2022/12,3HACA,Finansman Gideri Öncesi Faaliyet Karı/Zararı,nan,18240741.0
PETUN,2022/12,3HB,(Esas Faaliyet Dışı) Finansal Gelirler,Financial Income (from Other Operations),2239575.0
PETUN,2022/12,3HC,(Esas Faaliyet Dışı) Finansal Giderler (-),Financial Expenses (from Other Operations) (-),2857702.0
PETUN,2022/12,3HCA,Vergi Öncesi Diğer Gelir ve Giderler,Other Income (Expenses) Before Tax,2613199.0
PETUN,2022/12,3I,SÜRDÜRÜLEN FAALİYETLER VERGİ ÖNCESİ KARI (ZARARI),PROFIT BEFORE TAX FROM CONTINUING OPERATIONS,23338018.0
PETUN,2022/12,3IA,Sürdürülen Faaliyetler Vergi Geliri (Gideri),Taxation on Continuing Operations,-3118949.0
PETUN,2022/12,3IB,Dönem Vergi Geliri (Gideri),Taxation on Income (Expenses),-2640738.0
PETUN,2022/12,3IC,Ertelenmiş Vergi Geliri (Gideri),Income (Expenses) of Deferred Tax,-478211.0
PETUN,2022/12,3ID,Diğer Vergi Geliri (Gideri),Other Taxation Income (Expenses),0.0
PETUN,2022/12,3J,SÜRDÜRÜLEN FAALİYETLER DÖNEM KARI/ZARARI,PROFIT FROM CONTINUING OPERATIONS,20219069.0
PETUN,2022/12,3K,DURDURULAN FAALİYETLER,DISCONTINUED OPERATIONS,0.0
PETUN,2022/12,3KA,Durdurulan Faaliyetler Vergi Sonrası Dönem Karı (Zararı),Profit After Taxes from Discontinued Operations,0.0
PETUN,2022/12,3L,DÖNEM KARI (ZARARI),NET PROFIT AFTER TAXES,20219069.0
PETUN,2022/12,3LA,Dönem Kar/Zararının Dağılımı,Distrubition of Profit (Loss),0.0
PETUN,2022/12,3LB,Azınlık Payları,Minority Interests,0.0
PETUN,2022/12,3Z,Ana Ortaklık Payları,Parent Shares,20219069.0
PETUN,2022/12,3ZD,Hisse Başına Kazanç,Earnings per Share,0.0
PETUN,2022/12,3ZE,Seyreltilmiş Hisse Başına Kazanç,Diluted Earnings per Share,0.0
PETUN,2022/12,3ZF,Sürdürülen Faaliyetlerden Hisse Başına Kazanç,Earnings per Share from Continuing Operations,0.0
PETUN,2022/12,3ZG,Sürdürülen Faaliyetlerden Seyreltilmiş Hisse Başına Kazanç,Earnings per Share from Discontinued Operations,0.0
PETUN,2022/12,4B,Amortisman Giderleri,Depreciation & Amortization,6327260.0
PETUN,2022/12,4BA,Kıdem Tazminatı,Severance Payments,1460995.0
PETUN,2022/12,4BB,Finansman Giderleri,Financial Expenses,2857702.0
PETUN,2022/12,4BC,Yurtiçi Satışlar,Domestic Sales,284114212.0
PETUN,2022/12,4BD,Yurtdışı Satışlar,Export Sales,8865089.0
PETUN,2022/12,4BE,Net Yabancı Para Pozisyonu,Net Fx Position,1418286.0
PETUN,2022/12,4BEA,Parasal net yabancı para varlık/(yükümlülük) pozisyonu,Parasal net yabancı para varlık/(yükümlülük) pozisyonu,1375756.0
PETUN,2022/12,4BEB,Net YPP (Hedge Dahil),Net YPP (Hedge Dahil),1418286.0
PETUN,2022/12,4C,İşletme Faaliyetlerinden Kaynaklanan Net Nakit,Net Cash from Operations,-25152945.0
PETUN,2022/12,4CA,Düzeltme Öncesi Kar,Earnings Before Adjustments,20219069.0
PETUN,2022/12,4CAA,Düzeltmeler:,Adjustments:,-19076224.0
PETUN,2022/12,4CAB,Amortisman & İtfa Payları,Depreciation & Amortisation,6327260.0
PETUN,2022/12,4CAC,Karşılıklardaki Değişim,Change in Provisions,-5415433.0
PETUN,2022/12,4CAD,Diğer Gelir/ Gider,Other Income / Expense,-19988051.0
PETUN,2022/12,4CAE,İşletme Sermayesinde Değişikler Öncesi Faaliyet Karı (+),Operating Profit Before Changes in Working Capital (+),1142845.0
PETUN,2022/12,4CAF,İşletme Sermayesindeki Değişiklikler,Change in Working Capital,-22697870.0
PETUN,2022/12,4CAG,Esas Faaliyet ile İlgili Oluşan Nakit (+),Cash from Core Operations (+),-21555025.0
PETUN,2022/12,4CAH,Diğer İşletme Faaliyetlerinden Nakit,Cash from Other Operations,-3597919.0
PETUN,2022/12,4CAI,Sabit Sermaye Yatırımları,Capital Expenditures (CapEx),-4539781.0
PETUN,2022/12,4CAJ,Diğer Yatırım Faaliyetlerinden Nakit,Cash from Other Investment Operations,7674004.0
PETUN,2022/12,4CAK,Yatırım Faaliyetlerinden Kaynaklanan Nakit,Cash from Investment Operations,3134223.0
PETUN,2022/12,4CB,Serbest Nakit Akım,Free Cash Flow,-22018721.0
PETUN,2022/12,4CBA,Finansal Borçlardaki Değişim,Change in Financial Debt,23953587.0
PETUN,2022/12,4CBB,Temettü Ödemeleri,Dividends Paid,-3697928.0
PETUN,2022/12,4CBC,Sermaye Artırımı,Rights Issue,0.0
PETUN,2022/12,4CBD,Diğer Finansman Faaliyetlerinden Nakit,Cash from Other Financial Operations,180895.0
PETUN,2022/12,4CBE,Finansman Faaliyetlerden Kaynaklanan Nakit,Cash from Financial Operations,20436553.0
PETUN,2022/12,4CBF,Yab. Para Çev. Fark. Etk. Önc.Nak.Ve Nak. Benz. Net Artış/Azalış,Cash Net Inc. / Dec. before For.Cur. Trans. Dif.,-1582168.0
PETUN,2022/12,4CBG,Yab.ı Para Çevrim Fark. Nakit Ve Nakit Benz. Üzerindeki Etkisi,Foreign Curr. Trans.Diff.Cash and Cash Benz. Imp.,123792.0
PETUN,2022/12,4CBH,Diğer Nakit Girişi/Çıkışı,Other Cash Inflow/Outflow,0.0
PETUN,2022/12,4CBI,Nakit ve Benzerlerindeki Değişim,Change in Cash & Cash Equivalents,-1458376.0
PETUN,2022/12,4CBJ,Diğer Nakit ve Nakit Benzerlerindeki Artış,Other Cash & Cash Equivalents Change,0.0
PETUN,2022/12,4CBK,Dönem Başı Nakit Değerler,Cash at the beginning of the Quarter,7033065.0
PETUN,2022/12,4CBL,Dönem Sonu Nakit,Cash at the End of the Quarter,5574689.0
PETUN,2022/3,1A,Dönen Varlıklar,CURRENT ASSETS,43654065.0
PETUN,2022/3,1AA,Nakit ve Nakit Benzerleri,Cash and Cash Equivalents,2163867.0
PETUN,2022/3,1AB,Finansal Yatırımlar,Short-Term Financial Investments,0.0
PETUN,2022/3,1AC,Ticari Alacaklar,Short-Term Trade Receivables,18115522.0
PETUN,2022/3,1AD,Finans Sektörü Faaliyetlerinden Alacaklar,Short-Term Receivables from Financial Operations,0.0
PETUN,2022/3,1AE,Diğer Alacaklar,Short-Term Other Receivables,10051763.0
PETUN,2022/3,1AEA,Müşteri Sözleşmelerinden Doğan Varlıklar,nan,0.0
PETUN,2022/3,1AF,Stoklar,Inventories,9328136.0
PETUN,2022/3,1AG,Canlı Varlıklar,Short-Term Live Assets,2464773.0
PETUN,2022/3,1AH,Diğer Dönen Varlıklar,Other Current Assets,1530004.0
PETUN,2022/3,1AI,(Ara Toplam),(Subtotal),43654065.0
PETUN,2022/3,1AJ,Satış Amacıyla Elde Tutulan Duran Varlıklar,Assets to be Sold,0.0
PETUN,2022/3,1AK,Duran Varlıklar,LONG TERM ASSETS,87713844.0
PETUN,2022/3,1B,Ticari Alacaklar,Trade Receivables,0.0
PETUN,2022/3,1BA,Finans Sektörü Faaliyetlerinden Alacaklar,Long-Term Receivables from Financial Operations,0.0
PETUN,2022/3,1BB,Diğer Alacaklar,Other Receivables,0.0
PETUN,2022/3,1BBA,Müşteri Sözleşmelerinden Doğan Varlıklar,nan,0.0
PETUN,2022/3,1BC,Finansal Yatırımlar,Financial Investments,290892.0
PETUN,2022/3,1BD,Özkaynak Yöntemiyle Değerlenen Yatırımlar,Investments with Equity Method,32108734.0
PETUN,2022/3,1BE,Canlı Varlıklar,Long-Term Live Assets,0.0
PETUN,2022/3,1BF,Yatırım Amaçlı Gayrimenkuller,Real Estate Investments,2532770.0
PETUN,2022/3,1BFA,Stoklar,Stoklar,0.0
PETUN,2022/3,1BFAA,Kullanım Hakkı Varlıkları,nan,253813.0
PETUN,2022/3,1BG,Maddi Duran Varlıklar,Tangible Fixed Assets,52078809.0
PETUN,2022/3,1BGA,Şerefiye,Goodwill,0.0
PETUN,2022/3,1BH,Maddi Olmayan Duran Varlıklar,Intangible Fixed Assets,374032.0
PETUN,2022/3,1BJ,Ertelenmiş Vergi Varlığı,Long Term Deffered Tax Assets,0.0
PETUN,2022/3,1BK,Diğer Duran Varlıklar,Other Long-Term Assets,74793.0
PETUN,2022/3,1BL,TOPLAM VARLIKLAR,TOTAL ASSETS,131367908.0
PETUN,2022/3,1BM,KAYNAKLAR,LIABILITIES,0.0
PETUN,2022/3,2A,Kısa Vadeli Yükümlülükler,SHORT TERM LIABILITIES,36039287.0
PETUN,2022/3,2AA,Finansal Borçlar,Short-Term Financial Loans,9428554.0
PETUN,2022/3,2AAG,Diğer Finansal Yükümlülükler,Other Short-Term Financial Liabilities,1161950.0
PETUN,2022/3,2AAGAA,Ticari Borçlar,Short-Term Trade Payables,20297453.0
PETUN,2022/3,2AAGAB,Diğer Borçlar,Other Short-Term Loans,4484858.0
PETUN,2022/3,2AAGAC,Müşteri Söz. Doğan Yük.,nan,0.0
PETUN,2022/3,2AAGB,Finans Sektörü Faaliyetlerinden Borçlar,Short-Term Loans from Financial Operations,0.0
PETUN,2022/3,2AAGC,Devlet Teşvik ve Yardımları,Short-Term Government Promotions and Aids,0.0
PETUN,2022/3,2AAGCA,Ertelenmiş Gelirler (Müşteri Söz. Doğan Yük. Dış.Kal.),nan,45380.0
PETUN,2022/3,2AAGD,Dönem Karı Vergi Yükümlülüğü,Taxation Liabilities on Income (-),0.0
PETUN,2022/3,2AAGE,Borç Karşılıkları,Short-Term Provisions,102683.0
PETUN,2022/3,2AAGF,Diğer Kısa Vadeli Yükümlülükler,Other Short-Term Liabilities,518409.0
PETUN,2022/3,2AAGG,(Ara Toplam),(Subtotal),36039287.0
PETUN,2022/3,2AAGH,Satış Amaçlı Elde Tutulan Duran Varlıklara İlişkin Yükümlülükler,Liabilities on Assets to be Sold,0.0
PETUN,2022/3,2B,Uzun Vadeli Yükümlülükler,LONG TERM LIABILITIES,11045194.0
PETUN,2022/3,2BA,Finansal Borçlar,Long-Term Financial Loans,2499043.0
PETUN,2022/3,2BB,Diğer Finansal Yükümlülükler,Other Short-Term Financial Liabilities,0.0
PETUN,2022/3,2BBA,Ticari Borçlar,Long-Term Trade Payables,0.0
PETUN,2022/3,2BBB,Diğer Borçlar,Other Long-Term Loans,0.0
PETUN,2022/3,2BBBA,Müşteri Söz.Doğan Yük.,nan,0.0
PETUN,2022/3,2BC,Finans Sektörü Faaliyetlerinden Borçlar,Long-Term Loans from Financial Operations,0.0
PETUN,2022/3,2BD,Devlet Teşvik ve Yardımları,Long-Term Government Promotions and Aids,0.0
PETUN,2022/3,2BDA,Ertelenmiş Gelirler (Müşteri Söz.Doğan Yük. Dış.Kal.),nan,0.0
PETUN,2022/3,2BE,Uzun vadeli karşılıklar,Long-Term Provisions,3899888.0
PETUN,2022/3,2BF,Çalışanlara Sağlanan Faydalara İliş.Karş.,Provisions for Retirment Pay,0.0
PETUN,2022/3,2BG,Ertelenmiş Vergi Yükümlülüğü,Deferred Tax Liabilities,4646263.0
PETUN,2022/3,2BH,Diğer Uzun Vadeli Yükümlülükler,Other Long-Term Liabilities,0.0
PETUN,2022/3,2N,Özkaynaklar,SHAREHOLDERS EQUITY,84283427.0
PETUN,2022/3,2O,Ana Ortaklığa Ait Özkaynaklar,Parent Shareholders Capital,84283427.0
PETUN,2022/3,2OA,Ödenmiş Sermaye,Share Capital,2955297.0
PETUN,2022/3,2OC,Karşılıklı İştirak Sermayesi Düzeltmesi (-),Adjustments to Share Capital,0.0
PETUN,2022/3,2OCA,Hisse Senedi İhraç Primleri,Premium in Excess of Par,0.0
PETUN,2022/3,2OCB,Değer Artış Fonları,Market Value Surpluses,0.0
PETUN,2022/3,2OCC,Yabancı Para Çevrim Farkları,FX Translation Differences,0.0
PETUN,2022/3,2OCD,Kardan Ayrılan Kısıtlanmış Yedekler,Income Reserves,4257989.0
PETUN,2022/3,2OCE,Geçmiş Yıllar Kar/Zararları,Retained Earnings /(Acc. Losses),21666251.0
PETUN,2022/3,2OCF,Dönem Net Kar/Zararı,Current Year Income /(Losses),123385.0
PETUN,2022/3,2OD,Diğer Özsermaye Kalemleri,Other Sholders Equity Items,55280504.0
PETUN,2022/3,2ODA,Azınlık Payları,Minority Interests,0.0
PETUN,2022/3,2ODB,TOPLAM KAYNAKLAR,TOTAL LIABILITIES AND S.HOLDERS EQUITY,131367908.0
PETUN,2022/3,3B,Sürdürülen Faaliyetler,Continuing Operations,0.0
PETUN,2022/3,3C,Satış Gelirleri,Net Sales,28166600.0
PETUN,2022/3,3CA,Satışların Maliyeti (-),Cost Of Sales,-24438933.0
PETUN,2022/3,3CAA,Ticari Faaliyetlerden Diğer Kar (Zarar),Other Profit (Loss) from Trade Operations,0.0
PETUN,2022/3,3CAB,Ticari Faaliyetlerden Brüt Kar (Zarar),Gross Profit (Loss) from Trade Operations,3727666.0
PETUN,2022/3,3CAC,"Faiz, Ücret, Prim, Komisyon ve Diğer Gelirler","Proceeds from Interest, Fee, Premium, Commission and Other",0.0
PETUN,2022/3,3CAD,"Faiz, Ücret, Prim, Komisyon ve Diğer Giderler (-)","Expenses from Interest, Fee, Premium, Commission and Other",0.0
PETUN,2022/3,3CAE,Finans Sektörü Faaliyetlerinden Diğer Kar (Zarar),Other Profit (Loss) from Financial Operations,0.0
PETUN,2022/3,3CAF,Finans Sektörü Faaliyetlerinden Brüt Kar (Zarar),Gross Profit (Loss) from Financial Operations,0.0
PETUN,2022/3,3CB,Diğer Gelir ve Giderler,Other Income (Expenses),168389.0
PETUN,2022/3,3D,BRÜT KAR (ZARAR),GROSS PROFIT (LOSS),3896055.0
PETUN,2022/3,3DA,"Pazarlama, Satış ve Dağıtım Giderleri (-)",Marketing Selling & Distrib. Expenses (-),-1689239.0
PETUN,2022/3,3DB,Genel Yönetim Giderleri (-),General Administrative Expenses (-),-860844.0
PETUN,2022/3,3DC,Araştırma ve Geliştirme Giderleri (-),Research & Development Expenses (-),-88765.0
PETUN,2022/3,3DD,Diğer Faaliyet Gelirleri,Income from Other Operations,379414.0
PETUN,2022/3,3DE,Diğer Faaliyet Giderleri (-),Expenses from Other Operations (-),-250470.0
PETUN,2022/3,3DEA,Faaliyet Karı Öncesi Diğer Gelir ve Giderler,Other Income (Expenses) Before Operating Profits,0.0
PETUN,2022/3,3DF,FAALİYET KARI (ZARARI),OPERATING PROFITS,1386151.0
PETUN,2022/3,3H,Net Faaliyet Kar/Zararı,Net Operating Profits,1257207.0
PETUN,2022/3,3HA,Yatırım Faaliyetlerinden Gelirler,nan,1825.0
PETUN,2022/3,3HAA,Yatırım Faaliyetlerinden Giderler (-),nan,0.0
PETUN,2022/3,3HAB,Diğer Gelir ve Giderler,nan,0.0
PETUN,2022/3,3HAC,Özkaynak Yöntemiyle Değerlenen Yatırımların Kar/Zararlarındaki Paylar,Profit (Loss) from Subsidiaries,-902782.0
PETUN,2022/3,3HACA,Finansman Gideri Öncesi Faaliyet Karı/Zararı,nan,485194.0
PETUN,2022/3,3HB,(Esas Faaliyet Dışı) Finansal Gelirler,Financial Income (from Other Operations),513914.0
PETUN,2022/3,3HC,(Esas Faaliyet Dışı) Finansal Giderler (-),Financial Expenses (from Other Operations) (-),-943150.0
PETUN,2022/3,3HCA,Vergi Öncesi Diğer Gelir ve Giderler,Other Income (Expenses) Before Tax,1825.0
PETUN,2022/3,3I,SÜRDÜRÜLEN FAALİYETLER VERGİ ÖNCESİ KARI (ZARARI),PROFIT BEFORE TAX FROM CONTINUING OPERATIONS,55958.0
PETUN,2022/3,3IA,Sürdürülen Faaliyetler Vergi Geliri (Gideri),Taxation on Continuing Operations,73527.0
PETUN,2022/3,3IB,Dönem Vergi Geliri (Gideri),Taxation on Income (Expenses),-3147.0
PETUN,2022/3,3IC,Ertelenmiş Vergi Geliri (Gideri),Income (Expenses) of Deferred Tax,76674.0
PETUN,2022/3,3ID,Diğer Vergi Geliri (Gideri),Other Taxation Income (Expenses),0.0
PETUN,2022/3,3J,SÜRDÜRÜLEN FAALİYETLER DÖNEM KARI/ZARARI,PROFIT FROM CONTINUING OPERATIONS,129486.0
PETUN,2022/3,3K,DURDURULAN FAALİYETLER,DISCONTINUED OPERATIONS,0.0
PETUN,2022/3,3KA,Durdurulan Faaliyetler Vergi Sonrası Dönem Karı (Zararı),Profit After Taxes from Discontinued Operations,0.0
PETUN,2022/3,3L,DÖNEM KARI (ZARARI),NET PROFIT AFTER TAXES,129486.0
PETUN,2022/3,3LA,Dönem Kar/Zararının Dağılımı,Distrubition of Profit (Loss),0.0
PETUN,2022/3,3LB,Azınlık Payları,Minority Interests,0.0
PETUN,2022/3,3Z,Ana Ortaklık Payları,Parent Shares,129486.0
PETUN,2022/3,3ZD,Hisse Başına Kazanç,Earnings per Share,0.0
PETUN,2022/3,3ZE,Seyreltilmiş Hisse Başına Kazanç,Diluted Earnings per Share,0.0
PETUN,2022/3,3ZF,Sürdürülen Faaliyetlerden Hisse Başına Kazanç,Earnings per Share from Continuing Operations,0.0
PETUN,2022/3,3ZG,Sürdürülen Faaliyetlerden Seyreltilmiş Hisse Başına Kazanç,Earnings per Share from Discontinued Operations,0.0
PETUN,2022/3,4B,Amortisman Giderleri,Depreciation & Amortization,625004.0
PETUN,2022/3,4BA,Kıdem Tazminatı,Severance Payments,102785.0
PETUN,2022/3,4BB,Finansman Giderleri,Financial Expenses,-943150.0
PETUN,2022/3,4BC,Yurtiçi Satışlar,Domestic Sales,32957518.0
PETUN,2022/3,4BD,Yurtdışı Satışlar,Export Sales,1160575.0
PETUN,2022/3,4BE,Net Yabancı Para Pozisyonu,Net Fx Position,1127666.0
PETUN,2022/3,4BEA,Parasal net yabancı para varlık/(yükümlülük) pozisyonu,Parasal net yabancı para varlık/(yükümlülük) pozisyonu,956503.0
PETUN,2022/3,4BEB,Net YPP (Hedge Dahil),Net YPP (Hedge Dahil),1127666.0
PETUN,2022/3,4C,İşletme Faaliyetlerinden Kaynaklanan Net Nakit,Net Cash from Operations,-758988.0
PETUN,2022/3,4CA,Düzeltme Öncesi Kar,Earnings Before Adjustments,129486.0
PETUN,2022/3,4CAA,Düzeltmeler:,Adjustments:,1761253.0
PETUN,2022/3,4CAB,Amortisman & İtfa Payları,Depreciation & Amortisation,625004.0
PETUN,2022/3,4CAC,Karşılıklardaki Değişim,Change in Provisions,291148.0
PETUN,2022/3,4CAD,Diğer Gelir/ Gider,Other Income / Expense,845101.0
PETUN,2022/3,4CAE,İşletme Sermayesinde Değişikler Öncesi Faaliyet Karı (+),Operating Profit Before Changes in Working Capital (+),1890738.0
PETUN,2022/3,4CAF,İşletme Sermayesindeki Değişiklikler,Change in Working Capital,-2651156.0
PETUN,2022/3,4CAG,Esas Faaliyet ile İlgili Oluşan Nakit (+),Cash from Core Operations (+),-760418.0
PETUN,2022/3,4CAH,Diğer İşletme Faaliyetlerinden Nakit,Cash from Other Operations,1430.0
PETUN,2022/3,4CAI,Sabit Sermaye Yatırımları,Capital Expenditures (CapEx),-413194.0
PETUN,2022/3,4CAJ,Diğer Yatırım Faaliyetlerinden Nakit,Cash from Other Investment Operations,-946817.0
PETUN,2022/3,4CAK,Yatırım Faaliyetlerinden Kaynaklanan Nakit,Cash from Investment Operations,-1360011.0
PETUN,2022/3,4CB,Serbest Nakit Akım,Free Cash Flow,-2118999.0
PETUN,2022/3,4CBA,Finansal Borçlardaki Değişim,Change in Financial Debt,1517727.0
PETUN,2022/3,4CBB,Temettü Ödemeleri,Dividends Paid,-214705.0
PETUN,2022/3,4CBC,Sermaye Artırımı,Rights Issue,0.0
PETUN,2022/3,4CBD,Diğer Finansman Faaliyetlerinden Nakit,Cash from Other Financial Operations,-81179.0
PETUN,2022/3,4CBE,Finansman Faaliyetlerden Kaynaklanan Nakit,Cash from Financial Operations,1221843.0
PETUN,2022/3,4CBF,Yab. Para Çev. Fark. Etk. Önc.Nak.Ve Nak. Benz. Net Artış/Azalış,Cash Net Inc. / Dec. before For.Cur. Trans. Dif.,-897155.0
PETUN,2022/3,4CBG,Yab.ı Para Çevrim Fark. Nakit Ve Nakit Benz. Üzerindeki Etkisi,Foreign Curr. Trans.Diff.Cash and Cash Benz. Imp.,78262.0
PETUN,2022/3,4CBH,Diğer Nakit Girişi/Çıkışı,Other Cash Inflow/Outflow,0.0
PETUN,2022/3,4CBI,Nakit ve Benzerlerindeki Değişim,Change in Cash & Cash Equivalents,-818893.0
PETUN,2022/3,4CBJ,Diğer Nakit ve Nakit Benzerlerindeki Artış,Other Cash & Cash Equivalents Change,0.0
PETUN,2022/3,4CBK,Dönem Başı Nakit Değerler,Cash at the beginning of the Quarter,3089742.0
PETUN,2022/3,4CBL,Dönem Sonu Nakit,Cash at the End of the Quarter,2270849.0
PETUN,2022/6,1A,Dönen Varlıklar,CURRENT ASSETS,53139681.0
PETUN,2022/6,1AA,Nakit ve Nakit Benzerleri,Cash and Cash Equivalents,1005367.0
PETUN,2022/6,1AB,Finansal Yatırımlar,Short-Term Financial Investments,317042.0
PETUN,2022/6,1AC,Ticari Alacaklar,Short-Term Trade Receivables,21515744.0
PETUN,2022/6,1AD,Finans Sektörü Faaliyetlerinden Alacaklar,Short-Term Receivables from Financial Operations,0.0
PETUN,2022/6,1AE,Diğer Alacaklar,Short-Term Other Receivables,7313640.0
PETUN,2022/6,1AEA,Müşteri Sözleşmelerinden Doğan Varlıklar,nan,0.0
PETUN,2022/6,1AF,Stoklar,Inventories,12746075.0
PETUN,2022/6,1AG,Canlı Varlıklar,Short-Term Live Assets,7719051.0
PETUN,2022/6,1AH,Diğer Dönen Varlıklar,Other Current Assets,2522761.0
PETUN,2022/6,1AI,(Ara Toplam),(Subtotal),53139681.0
PETUN,2022/6,1AJ,Satış Amacıyla Elde Tutulan Duran Varlıklar,Assets to be Sold,0.0
PETUN,2022/6,1AK,Duran Varlıklar,LONG TERM ASSETS,77434264.0
PETUN,2022/6,1B,Ticari Alacaklar,Trade Receivables,0.0
PETUN,2022/6,1BA,Finans Sektörü Faaliyetlerinden Alacaklar,Long-Term Receivables from Financial Operations,0.0
PETUN,2022/6,1BB,Diğer Alacaklar,Other Receivables,0.0
PETUN,2022/6,1BBA,Müşteri Sözleşmelerinden Doğan Varlıklar,nan,0.0
PETUN,2022/6,1BC,Finansal Yatırımlar,Financial Investments,272800.0
PETUN,2022/6,1BD,Özkaynak Yöntemiyle Değerlenen Yatırımlar,Investments with Equity Method,28522857.0
PETUN,2022/6,1BE,Canlı Varlıklar,Long-Term Live Assets,0.0
PETUN,2022/6,1BF,Yatırım Amaçlı Gayrimenkuller,Real Estate Investments,2225055.0
PETUN,2022/6,1BFA,Stoklar,Stoklar,0.0
PETUN,2022/6,1BFAA,Kullanım Hakkı Varlıkları,nan,215885.0
PETUN,2022/6,1BG,Maddi Duran Varlıklar,Tangible Fixed Assets,45642667.0
PETUN,2022/6,1BGA,Şerefiye,Goodwill,0.0
PETUN,2022/6,1BH,Maddi Olmayan Duran Varlıklar,Intangible Fixed Assets,370378.0
PETUN,2022/6,1BJ,Ertelenmiş Vergi Varlığı,Long Term Deffered Tax Assets,0.0
PETUN,2022/6,1BK,Diğer Duran Varlıklar,Other Long-Term Assets,184621.0
PETUN,2022/6,1BL,TOPLAM VARLIKLAR,TOTAL ASSETS,130573945.0
PETUN,2022/6,1BM,KAYNAKLAR,LIABILITIES,0.0
PETUN,2022/6,2A,Kısa Vadeli Yükümlülükler,SHORT TERM LIABILITIES,43608009.0
PETUN,2022/6,2AA,Finansal Borçlar,Short-Term Financial Loans,14857563.0
PETUN,2022/6,2AAG,Diğer Finansal Yükümlülükler,Other Short-Term Financial Liabilities,1749225.0
PETUN,2022/6,2AAGAA,Ticari Borçlar,Short-Term Trade Payables,24594139.0
PETUN,2022/6,2AAGAB,Diğer Borçlar,Other Short-Term Loans,1145207.0
PETUN,2022/6,2AAGAC,Müşteri Söz. Doğan Yük.,nan,0.0
PETUN,2022/6,2AAGB,Finans Sektörü Faaliyetlerinden Borçlar,Short-Term Loans from Financial Operations,0.0
PETUN,2022/6,2AAGC,Devlet Teşvik ve Yardımları,Short-Term Government Promotions and Aids,0.0
PETUN,2022/6,2AAGCA,Ertelenmiş Gelirler (Müşteri Söz. Doğan Yük. Dış.Kal.),nan,50803.0
PETUN,2022/6,2AAGD,Dönem Karı Vergi Yükümlülüğü,Taxation Liabilities on Income (-),641137.0
PETUN,2022/6,2AAGE,Borç Karşılıkları,Short-Term Provisions,98046.0
PETUN,2022/6,2AAGF,Diğer Kısa Vadeli Yükümlülükler,Other Short-Term Liabilities,471890.0
PETUN,2022/6,2AAGG,(Ara Toplam),(Subtotal),43608009.0
PETUN,2022/6,2AAGH,Satış Amaçlı Elde Tutulan Duran Varlıklara İlişkin Yükümlülükler,Liabilities on Assets to be Sold,0.0
PETUN,2022/6,2B,Uzun Vadeli Yükümlülükler,LONG TERM LIABILITIES,10242978.0
PETUN,2022/6,2BA,Finansal Borçlar,Long-Term Financial Loans,1742073.0
PETUN,2022/6,2BB,Diğer Finansal Yükümlülükler,Other Short-Term Financial Liabilities,0.0
PETUN,2022/6,2BBA,Ticari Borçlar,Long-Term Trade Payables,0.0
PETUN,2022/6,2BBB,Diğer Borçlar,Other Long-Term Loans,0.0
PETUN,2022/6,2BBBA,Müşteri Söz.Doğan Yük.,nan,0.0
PETUN,2022/6,2BC,Finans Sektörü Faaliyetlerinden Borçlar,Long-Term Loans from Financial Operations,0.0
PETUN,2022/6,2BD,Devlet Teşvik ve Yardımları,Long-Term Government Promotions and Aids,0.0
PETUN,2022/6,2BDA,Ertelenmiş Gelirler (Müşteri Söz.Doğan Yük. Dış.Kal.),nan,0.0
PETUN,2022/6,2BE,Uzun vadeli karşılıklar,Long-Term Provisions,4742557.0
PETUN,2022/6,2BF,Çalışanlara Sağlanan Faydalara İliş.Karş.,Provisions for Retirment Pay,0.0
PETUN,2022/6,2BG,Ertelenmiş Vergi Yükümlülüğü,Deferred Tax Liabilities,3758348.0
PETUN,2022/6,2BH,Diğer Uzun Vadeli Yükümlülükler,Other Long-Term Liabilities,0.0
PETUN,2022/6,2N,Özkaynaklar,SHAREHOLDERS EQUITY,76722958.0
PETUN,2022/6,2O,Ana Ortaklığa Ait Özkaynaklar,Parent Shareholders Capital,76722958.0
PETUN,2022/6,2OA,Ödenmiş Sermaye,Share Capital,2596247.0
PETUN,2022/6,2OC,Karşılıklı İştirak Sermayesi Düzeltmesi (-),Adjustments to Share Capital,0.0
PETUN,2022/6,2OCA,Hisse Senedi İhraç Primleri,Premium in Excess of Par,0.0
PETUN,2022/6,2OCB,Değer Artış Fonları,Market Value Surpluses,0.0
PETUN,2022/6,2OCC,Yabancı Para Çevrim Farkları,FX Translation Differences,0.0
PETUN,2022/6,2OCD,Kardan Ayrılan Kısıtlanmış Yedekler,Income Reserves,3740671.0
PETUN,2022/6,2OCE,Geçmiş Yıllar Kar/Zararları,Retained Earnings /(Acc. Losses),19008101.0
PETUN,2022/6,2OCF,Dönem Net Kar/Zararı,Current Year Income /(Losses),4628794.0
PETUN,2022/6,2OD,Diğer Özsermaye Kalemleri,Other Sholders Equity Items,46749146.0
PETUN,2022/6,2ODA,Azınlık Payları,Minority Interests,0.0
PETUN,2022/6,2ODB,TOPLAM KAYNAKLAR,TOTAL LIABILITIES AND S.HOLDERS EQUITY,130573945.0
PETUN,2022/6,3B,Sürdürülen Faaliyetler,Continuing Operations,0.0
PETUN,2022/6,3C,Satış Gelirleri,Net Sales,61323408.0
PETUN,2022/6,3CA,Satışların Maliyeti (-),Cost Of Sales,-51094811.0
PETUN,2022/6,3CAA,Ticari Faaliyetlerden Diğer Kar (Zarar),Other Profit (Loss) from Trade Operations,0.0
PETUN,2022/6,3CAB,Ticari Faaliyetlerden Brüt Kar (Zarar),Gross Profit (Loss) from Trade Operations,10228597.0
PETUN,2022/6,3CAC,"Faiz, Ücret, Prim, Komisyon ve Diğer Gelirler","Proceeds from Interest, Fee, Premium, Commission and Other",0.0
PETUN,2022/6,3CAD,"Faiz, Ücret, Prim, Komisyon ve Diğer Giderler (-)","Expenses from Interest, Fee, Premium, Commission and Other",0.0
PETUN,2022/6,3CAE,Finans Sektörü Faaliyetlerinden Diğer Kar (Zarar),Other Profit (Loss) from Financial Operations,0.0
PETUN,2022/6,3CAF,Finans Sektörü Faaliyetlerinden Brüt Kar (Zarar),Gross Profit (Loss) from Financial Operations,0.0
PETUN,2022/6,3CB,Diğer Gelir ve Giderler,Other Income (Expenses),359611.0
PETUN,2022/6,3D,BRÜT KAR (ZARAR),GROSS PROFIT (LOSS),10588208.0
PETUN,2022/6,3DA,"Pazarlama, Satış ve Dağıtım Giderleri (-)",Marketing Selling & Distrib. Expenses (-),-3327226.0
PETUN,2022/6,3DB,Genel Yönetim Giderleri (-),General Administrative Expenses (-),-1679121.0
PETUN,2022/6,3DC,Araştırma ve Geliştirme Giderleri (-),Research & Development Expenses (-),-187775.0
PETUN,2022/6,3DD,Diğer Faaliyet Gelirleri,Income from Other Operations,764053.0
PETUN,2022/6,3DE,Diğer Faaliyet Giderleri (-),Expenses from Other Operations (-),-461499.0
PETUN,2022/6,3DEA,Faaliyet Karı Öncesi Diğer Gelir ve Giderler,Other Income (Expenses) Before Operating Profits,0.0
PETUN,2022/6,3DF,FAALİYET KARI (ZARARI),OPERATING PROFITS,5696640.0
PETUN,2022/6,3H,Net Faaliyet Kar/Zararı,Net Operating Profits,5394086.0
PETUN,2022/6,3HA,Yatırım Faaliyetlerinden Gelirler,nan,8539.0
PETUN,2022/6,3HAA,Yatırım Faaliyetlerinden Giderler (-),nan,-30593.0
PETUN,2022/6,3HAB,Diğer Gelir ve Giderler,nan,0.0
PETUN,2022/6,3HAC,Özkaynak Yöntemiyle Değerlenen Yatırımların Kar/Zararlarındaki Paylar,Profit (Loss) from Subsidiaries,1157548.0
PETUN,2022/6,3HACA,Finansman Gideri Öncesi Faaliyet Karı/Zararı,nan,6832133.0
PETUN,2022/6,3HB,(Esas Faaliyet Dışı) Finansal Gelirler,Financial Income (from Other Operations),973239.0
PETUN,2022/6,3HC,(Esas Faaliyet Dışı) Finansal Giderler (-),Financial Expenses (from Other Operations) (-),-2133873.0
PETUN,2022/6,3HCA,Vergi Öncesi Diğer Gelir ve Giderler,Other Income (Expenses) Before Tax,-22054.0
PETUN,2022/6,3I,SÜRDÜRÜLEN FAALİYETLER VERGİ ÖNCESİ KARI (ZARARI),PROFIT BEFORE TAX FROM CONTINUING OPERATIONS,5671499.0
PETUN,2022/6,3IA,Sürdürülen Faaliyetler Vergi Geliri (Gideri),Taxation on Continuing Operations,-481522.0
PETUN,2022/6,3IB,Dönem Vergi Geliri (Gideri),Taxation on Income (Expenses),-722872.0
PETUN,2022/6,3IC,Ertelenmiş Vergi Geliri (Gideri),Income (Expenses) of Deferred Tax,241350.0
PETUN,2022/6,3ID,Diğer Vergi Geliri (Gideri),Other Taxation Income (Expenses),0.0
PETUN,2022/6,3J,SÜRDÜRÜLEN FAALİYETLER DÖNEM KARI/ZARARI,PROFIT FROM CONTINUING OPERATIONS,5189977.0
PETUN,2022/6,3K,DURDURULAN FAALİYETLER,DISCONTINUED OPERATIONS,0.0
PETUN,2022/6,3KA,Durdurulan Faaliyetler Vergi Sonrası Dönem Karı (Zararı),Profit After Taxes from Discontinued Operations,0.0
PETUN,2022/6,3L,DÖNEM KARI (ZARARI),NET PROFIT AFTER TAXES,5189977.0
PETUN,2022/6,3LA,Dönem Kar/Zararının Dağılımı,Distrubition of Profit (Loss),0.0
PETUN,2022/6,3LB,Azınlık Payları,Minority Interests,0.0
PETUN,2022/6,3Z,Ana Ortaklık Payları,Parent Shares,5189977.0
PETUN,2022/6,3ZD,Hisse Başına Kazanç,Earnings per Share,0.0
PETUN,2022/6,3ZE,Seyreltilmiş Hisse Başına Kazanç,Diluted Earnings per Share,0.0
PETUN,2022/6,3ZF,Sürdürülen Faaliyetlerden Hisse Başına Kazanç,Earnings per Share from Continuing Operations,0.0
PETUN,2022/6,3ZG,Sürdürülen Faaliyetlerden Seyreltilmiş Hisse Başına Kazanç,Earnings per Share from Discontinued Operations,0.0
PETUN,2022/6,4B,Amortisman Giderleri,Depreciation & Amortization,1169752.0
PETUN,2022/6,4BA,Kıdem Tazminatı,Severance Payments,240953.0
PETUN,2022/6,4BB,Finansman Giderleri,Financial Expenses,-2133873.0
PETUN,2022/6,4BC,Yurtiçi Satışlar,Domestic Sales,71828167.0
PETUN,2022/6,4BD,Yurtdışı Satışlar,Export Sales,2247665.0
PETUN,2022/6,4BE,Net Yabancı Para Pozisyonu,Net Fx Position,395234.0
PETUN,2022/6,4BEA,Parasal net yabancı para varlık/(yükümlülük) pozisyonu,Parasal net yabancı para varlık/(yükümlülük) pozisyonu,372955.0
PETUN,2022/6,4BEB,Net YPP (Hedge Dahil),Net YPP (Hedge Dahil),395234.0
PETUN,2022/6,4C,İşletme Faaliyetlerinden Kaynaklanan Net Nakit,Net Cash from Operations,-7649630.0
PETUN,2022/6,4CA,Düzeltme Öncesi Kar,Earnings Before Adjustments,5189977.0
PETUN,2022/6,4CAA,Düzeltmeler:,Adjustments:,1504755.0
PETUN,2022/6,4CAB,Amortisman & İtfa Payları,Depreciation & Amortisation,1169752.0
PETUN,2022/6,4CAC,Karşılıklardaki Değişim,Change in Provisions,614845.0
PETUN,2022/6,4CAD,Diğer Gelir/ Gider,Other Income / Expense,-279843.0
PETUN,2022/6,4CAE,İşletme Sermayesinde Değişikler Öncesi Faaliyet Karı (+),Operating Profit Before Changes in Working Capital (+),6694731.0
PETUN,2022/6,4CAF,İşletme Sermayesindeki Değişiklikler,Change in Working Capital,-14355442.0
PETUN,2022/6,4CAG,Esas Faaliyet ile İlgili Oluşan Nakit (+),Cash from Core Operations (+),-7660710.0
PETUN,2022/6,4CAH,Diğer İşletme Faaliyetlerinden Nakit,Cash from Other Operations,11080.0
PETUN,2022/6,4CAI,Sabit Sermaye Yatırımları,Capital Expenditures (CapEx),-863990.0
PETUN,2022/6,4CAJ,Diğer Yatırım Faaliyetlerinden Nakit,Cash from Other Investment Operations,2721761.0
PETUN,2022/6,4CAK,Yatırım Faaliyetlerinden Kaynaklanan Nakit,Cash from Investment Operations,1857770.0
PETUN,2022/6,4CB,Serbest Nakit Akım,Free Cash Flow,-5791860.0
PETUN,2022/6,4CBA,Finansal Borçlardaki Değişim,Change in Financial Debt,8984452.0
PETUN,2022/6,4CBB,Temettü Ödemeleri,Dividends Paid,-3848774.0
PETUN,2022/6,4CBC,Sermaye Artırımı,Rights Issue,0.0
PETUN,2022/6,4CBD,Diğer Finansman Faaliyetlerinden Nakit,Cash from Other Financial Operations,-1190149.0
PETUN,2022/6,4CBE,Finansman Faaliyetlerden Kaynaklanan Nakit,Cash from Financial Operations,3945528.0
PETUN,2022/6,4CBF,Yab. Para Çev. Fark. Etk. Önc.Nak.Ve Nak. Benz. Net Artış/Azalış,Cash Net Inc. / Dec. before For.Cur. Trans. Dif.,-1846333.0
PETUN,2022/6,4CBG,Yab.ı Para Çevrim Fark. Nakit Ve Nakit Benz. Üzerindeki Etkisi,Foreign Curr. Trans.Diff.Cash and Cash Benz. Imp.,73527.0
PETUN,2022/6,4CBH,Diğer Nakit Girişi/Çıkışı,Other Cash Inflow/Outflow,0.0
PETUN,2022/6,4CBI,Nakit ve Benzerlerindeki Değişim,Change in Cash & Cash Equivalents,-1772806.0
PETUN,2022/6,4CBJ,Diğer Nakit ve Nakit Benzerlerindeki Artış,Other Cash & Cash Equivalents Change,0.0
PETUN,2022/6,4CBK,Dönem Başı Nakit Değerler,Cash at the beginning of the Quarter,2900060.0
PETUN,2022/6,4CBL,Dönem Sonu Nakit,Cash at the End of the Quarter,1127255.0
PETUN,2022/9,1A,Dönen Varlıklar,CURRENT ASSETS,53368770.0
PETUN,2022/9,1AA,Nakit ve Nakit Benzerleri,Cash and Cash Equivalents,818077.0
PETUN,2022/9,1AB,Finansal Yatırımlar,Short-Term Financial Investments,0.0
PETUN,2022/9,1AC,Ticari Alacaklar,Short-Term Trade Receivables,23220492.0
PETUN,2022/9,1AD,Finans Sektörü Faaliyetlerinden Alacaklar,Short-Term Receivables from Financial Operations,0.0
PETUN,2022/9,1AE,Diğer Alacaklar,Short-Term Other Receivables,8284388.0
PETUN,2022/9,1AEA,Müşteri Sözleşmelerinden Doğan Varlıklar,nan,0.0
PETUN,2022/9,1AF,Stoklar,Inventories,14491407.0
PETUN,2022/9,1AG,Canlı Varlıklar,Short-Term Live Assets,5038133.0
PETUN,2022/9,1AH,Diğer Dönen Varlıklar,Other Current Assets,1516272.0
PETUN,2022/9,1AI,(Ara Toplam),(Subtotal),53368770.0
PETUN,2022/9,1AJ,Satış Amacıyla Elde Tutulan Duran Varlıklar,Assets to be Sold,0.0
PETUN,2022/9,1AK,Duran Varlıklar,LONG TERM ASSETS,70819197.0
PETUN,2022/9,1B,Ticari Alacaklar,Trade Receivables,0.0
PETUN,2022/9,1BA,Finans Sektörü Faaliyetlerinden Alacaklar,Long-Term Receivables from Financial Operations,0.0
PETUN,2022/9,1BB,Diğer Alacaklar,Other Receivables,0.0
PETUN,2022/9,1BBA,Müşteri Sözleşmelerinden Doğan Varlıklar,nan,0.0
PETUN,2022/9,1BC,Finansal Yatırımlar,Financial Investments,245440.0
PETUN,2022/9,1BD,Özkaynak Yöntemiyle Değerlenen Yatırımlar,Investments with Equity Method,26691831.0
PETUN,2022/9,1BE,Canlı Varlıklar,Long-Term Live Assets,0.0
PETUN,2022/9,1BF,Yatırım Amaçlı Gayrimenkuller,Real Estate Investments,2001891.0
PETUN,2022/9,1BFA,Stoklar,Stoklar,0.0
PETUN,2022/9,1BFAA,Kullanım Hakkı Varlıkları,nan,174581.0
PETUN,2022/9,1BG,Maddi Duran Varlıklar,Tangible Fixed Assets,41162011.0
PETUN,2022/9,1BGA,Şerefiye,Goodwill,0.0
PETUN,2022/9,1BH,Maddi Olmayan Duran Varlıklar,Intangible Fixed Assets,379194.0
PETUN,2022/9,1BJ,Ertelenmiş Vergi Varlığı,Long Term Deffered Tax Assets,0.0
PETUN,2022/9,1BK,Diğer Duran Varlıklar,Other Long-Term Assets,164250.0
PETUN,2022/9,1BL,TOPLAM VARLIKLAR,TOTAL ASSETS,124187966.0
PETUN,2022/9,1BM,KAYNAKLAR,LIABILITIES,0.0
PETUN,2022/9,2A,Kısa Vadeli Yükümlülükler,SHORT TERM LIABILITIES,42825889.0
PETUN,2022/9,2AA,Finansal Borçlar,Short-Term Financial Loans,18174892.0
PETUN,2022/9,2AAG,Diğer Finansal Yükümlülükler,Other Short-Term Financial Liabilities,1572199.0
PETUN,2022/9,2AAGAA,Ticari Borçlar,Short-Term Trade Payables,19318256.0
PETUN,2022/9,2AAGAB,Diğer Borçlar,Other Short-Term Loans,2237741.0
PETUN,2022/9,2AAGAC,Müşteri Söz. Doğan Yük.,nan,0.0
PETUN,2022/9,2AAGB,Finans Sektörü Faaliyetlerinden Borçlar,Short-Term Loans from Financial Operations,0.0
PETUN,2022/9,2AAGC,Devlet Teşvik ve Yardımları,Short-Term Government Promotions and Aids,0.0
PETUN,2022/9,2AAGCA,Ertelenmiş Gelirler (Müşteri Söz. Doğan Yük. Dış.Kal.),nan,23350.0
PETUN,2022/9,2AAGD,Dönem Karı Vergi Yükümlülüğü,Taxation Liabilities on Income (-),891992.0
PETUN,2022/9,2AAGE,Borç Karşılıkları,Short-Term Provisions,112222.0
PETUN,2022/9,2AAGF,Diğer Kısa Vadeli Yükümlülükler,Other Short-Term Liabilities,495237.0
PETUN,2022/9,2AAGG,(Ara Toplam),(Subtotal),42825889.0
PETUN,2022/9,2AAGH,Satış Amaçlı Elde Tutulan Duran Varlıklara İlişkin Yükümlülükler,Liabilities on Assets to be Sold,0.0
PETUN,2022/9,2B,Uzun Vadeli Yükümlülükler,LONG TERM LIABILITIES,9227371.0
PETUN,2022/9,2BA,Finansal Borçlar,Long-Term Financial Loans,1534609.0
PETUN,2022/9,2BB,Diğer Finansal Yükümlülükler,Other Short-Term Financial Liabilities,0.0
PETUN,2022/9,2BBA,Ticari Borçlar,Long-Term Trade Payables,0.0
PETUN,2022/9,2BBB,Diğer Borçlar,Other Long-Term Loans,0.0
PETUN,2022/9,2BBBA,Müşteri Söz.Doğan Yük.,nan,0.0
PETUN,2022/9,2BC,Finans Sektörü Faaliyetlerinden Borçlar,Long-Term Loans from Financial Operations,0.0
PETUN,2022/9,2BD,Devlet Teşvik ve Yardımları,Long-Term Government Promotions and Aids,0.0
PETUN,2022/9,2BDA,Ertelenmiş Gelirler (Müşteri Söz.Doğan Yük. Dış.Kal.),nan,0.0
PETUN,2022/9,2BE,Uzun vadeli karşılıklar,Long-Term Provisions,4477751.0
PETUN,2022/9,2BF,Çalışanlara Sağlanan Faydalara İliş.Karş.,Provisions for Retirment Pay,0.0
PETUN,2022/9,2BG,Ertelenmiş Vergi Yükümlülüğü,Deferred Tax Liabilities,3215011.0
PETUN,2022/9,2BH,Diğer Uzun Vadeli Yükümlülükler,Other Long-Term Liabilities,0.0
PETUN,2022/9,2N,Özkaynaklar,SHAREHOLDERS EQUITY,72134707.0
PETUN,2022/9,2O,Ana Ortaklığa Ait Özkaynaklar,Parent Shareholders Capital,72134707.0
PETUN,2022/9,2OA,Ödenmiş Sermaye,Share Capital,2335854.0
PETUN,2022/9,2OC,Karşılıklı İştirak Sermayesi Düzeltmesi (-),Adjustments to Share Capital,0.0
PETUN,2022/9,2OCA,Hisse Senedi İhraç Primleri,Premium in Excess of Par,0.0
PETUN,2022/9,2OCB,Değer Artış Fonları,Market Value Surpluses,0.0
PETUN,2022/9,2OCC,Yabancı Para Çevrim Farkları,FX Translation Differences,0.0
PETUN,2022/9,2OCD,Kardan Ayrılan Kısıtlanmış Yedekler,Income Reserves,3365497.0
PETUN,2022/9,2OCE,Geçmiş Yıllar Kar/Zararları,Retained Earnings /(Acc. Losses),17329065.0
PETUN,2022/9,2OCF,Dönem Net Kar/Zararı,Current Year Income /(Losses),7222150.0
PETUN,2022/9,2OD,Diğer Özsermaye Kalemleri,Other Sholders Equity Items,41882142.0
PETUN,2022/9,2ODA,Azınlık Payları,Minority Interests,0.0
PETUN,2022/9,2ODB,TOPLAM KAYNAKLAR,TOTAL LIABILITIES AND S.HOLDERS EQUITY,124187966.0
PETUN,2022/9,3B,Sürdürülen Faaliyetler,Continuing Operations,0.0
PETUN,2022/9,3C,Satış Gelirleri,Net Sales,96026845.0
PETUN,2022/9,3CA,Satışların Maliyeti (-),Cost Of Sales,-78392412.0
PETUN,2022/9,3CAA,Ticari Faaliyetlerden Diğer Kar (Zarar),Other Profit (Loss) from Trade Operations,0.0
PETUN,2022/9,3CAB,Ticari Faaliyetlerden Brüt Kar (Zarar),Gross Profit (Loss) from Trade Operations,17634434.0
PETUN,2022/9,3CAC,"Faiz, Ücret, Prim, Komisyon ve Diğer Gelirler","Proceeds from Interest, Fee, Premium, Commission and Other",0.0
PETUN,2022/9,3CAD,"Faiz, Ücret, Prim, Komisyon ve Diğer Giderler (-)","Expenses from Interest, Fee, Premium, Commission and Other",0.0
PETUN,2022/9,3CAE,Finans Sektörü Faaliyetlerinden Diğer Kar (Zarar),Other Profit (Loss) from Financial Operations,0.0
PETUN,2022/9,3CAF,Finans Sektörü Faaliyetlerinden Brüt Kar (Zarar),Gross Profit (Loss) from Financial Operations,0.0
PETUN,2022/9,3CB,Diğer Gelir ve Giderler,Other Income (Expenses),26821.0
PETUN,2022/9,3D,BRÜT KAR (ZARAR),GROSS PROFIT (LOSS),17661255.0
PETUN,2022/9,3DA,"Pazarlama, Satış ve Dağıtım Giderleri (-)",Marketing Selling & Distrib. Expenses (-),-5358824.0
PETUN,2022/9,3DB,Genel Yönetim Giderleri (-),General Administrative Expenses (-),-2572310.0
PETUN,2022/9,3DC,Araştırma ve Geliştirme Giderleri (-),Research & Development Expenses (-),-313764.0
PETUN,2022/9,3DD,Diğer Faaliyet Gelirleri,Income from Other Operations,1101370.0
PETUN,2022/9,3DE,Diğer Faaliyet Giderleri (-),Expenses from Other Operations (-),-828253.0
PETUN,2022/9,3DEA,Faaliyet Karı Öncesi Diğer Gelir ve Giderler,Other Income (Expenses) Before Operating Profits,0.0
PETUN,2022/9,3DF,FAALİYET KARI (ZARARI),OPERATING PROFITS,9689474.0
PETUN,2022/9,3H,Net Faaliyet Kar/Zararı,Net Operating Profits,9416357.0
PETUN,2022/9,3HA,Yatırım Faaliyetlerinden Gelirler,nan,11415.0
PETUN,2022/9,3HAA,Yatırım Faaliyetlerinden Giderler (-),nan,-28620.0
PETUN,2022/9,3HAB,Diğer Gelir ve Giderler,nan,0.0
PETUN,2022/9,3HAC,Özkaynak Yöntemiyle Değerlenen Yatırımların Kar/Zararlarındaki Paylar,Profit (Loss) from Subsidiaries,2355034.0
PETUN,2022/9,3HACA,Finansman Gideri Öncesi Faaliyet Karı/Zararı,nan,12027303.0
PETUN,2022/9,3HB,(Esas Faaliyet Dışı) Finansal Gelirler,Financial Income (from Other Operations),1303073.0
PETUN,2022/9,3HC,(Esas Faaliyet Dışı) Finansal Giderler (-),Financial Expenses (from Other Operations) (-),-3653640.0
PETUN,2022/9,3HCA,Vergi Öncesi Diğer Gelir ve Giderler,Other Income (Expenses) Before Tax,-17204.0
PETUN,2022/9,3I,SÜRDÜRÜLEN FAALİYETLER VERGİ ÖNCESİ KARI (ZARARI),PROFIT BEFORE TAX FROM CONTINUING OPERATIONS,9676736.0
PETUN,2022/9,3IA,Sürdürülen Faaliyetler Vergi Geliri (Gideri),Taxation on Continuing Operations,-1256893.0
PETUN,2022/9,3IB,Dönem Vergi Geliri (Gideri),Taxation on Income (Expenses),-1716661.0
PETUN,2022/9,3IC,Ertelenmiş Vergi Geliri (Gideri),Income (Expenses) of Deferred Tax,459768.0
PETUN,2022/9,3ID,Diğer Vergi Geliri (Gideri),Other Taxation Income (Expenses),0.0
PETUN,2022/9,3J,SÜRDÜRÜLEN FAALİYETLER DÖNEM KARI/ZARARI,PROFIT FROM CONTINUING OPERATIONS,8419843.0
PETUN,2022/9,3K,DURDURULAN FAALİYETLER,DISCONTINUED OPERATIONS,0.0
PETUN,2022/9,3KA,Durdurulan Faaliyetler Vergi Sonrası Dönem Karı (Zararı),Profit After Taxes from Discontinued Operations,0.0
PETUN,2022/9,3L,DÖNEM KARI (ZARARI),NET PROFIT AFTER TAXES,8419843.0
PETUN,2022/9,3LA,Dönem Kar/Zararının Dağılımı,Distrubition of Profit (Loss),0.0
PETUN,2022/9,3LB,Azınlık Payları,Minority Interests,0.0
PETUN,2022/9,3Z,Ana Ortaklık Payları,Parent Shares,8419843.0
PETUN,2022/9,3ZD,Hisse Başına Kazanç,Earnings per Share,0.0
PETUN,2022/9,3ZE,Seyreltilmiş Hisse Başına Kazanç,Diluted Earnings per Share,0.0
PETUN,2022/9,3ZF,Sürdürülen Faaliyetlerden Hisse Başına Kazanç,Earnings per Share from Continuing Operations,0.0
PETUN,2022/9,3ZG,Sürdürülen Faaliyetlerden Seyreltilmiş Hisse Başına Kazanç,Earnings per Share from Discontinued Operations,0.0
PETUN,2022/9,4B,Amortisman Giderleri,Depreciation & Amortization,1658623.0
PETUN,2022/9,4BA,Kıdem Tazminatı,Severance Payments,378434.0
PETUN,2022/9,4BB,Finansman Giderleri,Financial Expenses,-3653640.0
PETUN,2022/9,4BC,Yurtiçi Satışlar,Domestic Sales,113025501.0
PETUN,2022/9,4BD,Yurtdışı Satışlar,Export Sales,3275809.0
PETUN,2022/9,4BE,Net Yabancı Para Pozisyonu,Net Fx Position,763692.0
PETUN,2022/9,4BEA,Parasal net yabancı para varlık/(yükümlülük) pozisyonu,Parasal net yabancı para varlık/(yükümlülük) pozisyonu,749825.0
PETUN,2022/9,4BEB,Net YPP (Hedge Dahil),Net YPP (Hedge Dahil),763692.0
PETUN,2022/9,4C,İşletme Faaliyetlerinden Kaynaklanan Net Nakit,Net Cash from Operations,-10648976.0
PETUN,2022/9,4CA,Düzeltme Öncesi Kar,Earnings Before Adjustments,8419843.0
PETUN,2022/9,4CAA,Düzeltmeler:,Adjustments:,2746595.0
PETUN,2022/9,4CAB,Amortisman & İtfa Payları,Depreciation & Amortisation,1658623.0
PETUN,2022/9,4CAC,Karşılıklardaki Değişim,Change in Provisions,699793.0
PETUN,2022/9,4CAD,Diğer Gelir/ Gider,Other Income / Expense,388179.0
PETUN,2022/9,4CAE,İşletme Sermayesinde Değişikler Öncesi Faaliyet Karı (+),Operating Profit Before Changes in Working Capital (+),11166438.0
PETUN,2022/9,4CAF,İşletme Sermayesindeki Değişiklikler,Change in Working Capital,-21141779.0
PETUN,2022/9,4CAG,Esas Faaliyet ile İlgili Oluşan Nakit (+),Cash from Core Operations (+),-9975341.0
PETUN,2022/9,4CAH,Diğer İşletme Faaliyetlerinden Nakit,Cash from Other Operations,-673635.0
PETUN,2022/9,4CAI,Sabit Sermaye Yatırımları,Capital Expenditures (CapEx),-1515472.0
PETUN,2022/9,4CAJ,Diğer Yatırım Faaliyetlerinden Nakit,Cash from Other Investment Operations,2539453.0
PETUN,2022/9,4CAK,Yatırım Faaliyetlerinden Kaynaklanan Nakit,Cash from Investment Operations,1023980.0
PETUN,2022/9,4CB,Serbest Nakit Akım,Free Cash Flow,-9624996.0
PETUN,2022/9,4CBA,Finansal Borçlardaki Değişim,Change in Financial Debt,13943985.0
PETUN,2022/9,4CBB,Temettü Ödemeleri,Dividends Paid,-3861033.0
PETUN,2022/9,4CBC,Sermaye Artırımı,Rights Issue,0.0
PETUN,2022/9,4CBD,Diğer Finansman Faaliyetlerinden Nakit,Cash from Other Financial Operations,-2300046.0
PETUN,2022/9,4CBE,Finansman Faaliyetlerden Kaynaklanan Nakit,Cash from Financial Operations,7782905.0
PETUN,2022/9,4CBF,Yab. Para Çev. Fark. Etk. Önc.Nak.Ve Nak. Benz. Net Artış/Azalış,Cash Net Inc. / Dec. before For.Cur. Trans. Dif.,-1842090.0
PETUN,2022/9,4CBG,Yab.ı Para Çevrim Fark. Nakit Ve Nakit Benz. Üzerindeki Etkisi,Foreign Curr. Trans.Diff.Cash and Cash Benz. Imp.,82853.0
PETUN,2022/9,4CBH,Diğer Nakit Girişi/Çıkışı,Other Cash Inflow/Outflow,0.0
PETUN,2022/9,4CBI,Nakit ve Benzerlerindeki Değişim,Change in Cash & Cash Equivalents,-1759237.0
PETUN,2022/9,4CBJ,Diğer Nakit ve Nakit Benzerlerindeki Artış,Other Cash & Cash Equivalents Change,0.0
PETUN,2022/9,4CBK,Dönem Başı Nakit Değerler,Cash at the beginning of the Quarter,2712980.0
PETUN,2022/9,4CBL,Dönem Sonu Nakit,Cash at the End of the Quarter,953744.0
PETUN,2023/12,1A,Dönen Varlıklar,CURRENT ASSETS,76652846.0
PETUN,2023/12,1AA,Nakit ve Nakit Benzerleri,Cash and Cash Equivalents,2666038.0
PETUN,2023/12,1AB,Finansal Yatırımlar,Short-Term Financial Investments,0.0
PETUN,2023/12,1AC,Ticari Alacaklar,Short-Term Trade Receivables,34948280.0
PETUN,2023/12,1AD,Finans Sektörü Faaliyetlerinden Alacaklar,Short-Term Receivables from Financial Operations,0.0
PETUN,2023/12,1AE,Diğer Alacaklar,Short-Term Other Receivables,7028795.0
PETUN,2023/12,1AEA,Müşteri Sözleşmelerinden Doğan Varlıklar,nan,0.0
PETUN,2023/12,1AF,Stoklar,Inventories,21851217.0
PETUN,2023/12,1AG,Canlı Varlıklar,Short-Term Live Assets,8229205.0
PETUN,2023/12,1AH,Diğer Dönen Varlıklar,Other Current Assets,1929310.0
PETUN,2023/12,1AI,(Ara Toplam),(Subtotal),76652846.0
PETUN,2023/12,1AJ,Satış Amacıyla Elde Tutulan Duran Varlıklar,Assets to be Sold,0.0
PETUN,2023/12,1AK,Duran Varlıklar,LONG TERM ASSETS,250286469.0
PETUN,2023/12,1B,Ticari Alacaklar,Trade Receivables,0.0
PETUN,2023/12,1BA,Finans Sektörü Faaliyetlerinden Alacaklar,Long-Term Receivables from Financial Operations,0.0
PETUN,2023/12,1BB,Diğer Alacaklar,Other Receivables,0.0
PETUN,2023/12,1BBA,Müşteri Sözleşmelerinden Doğan Varlıklar,nan,0.0
PETUN,2023/12,1BC,Finansal Yatırımlar,Financial Investments,704779.0
PETUN,2023/12,1BD,Özkaynak Yöntemiyle Değerlenen Yatırımlar,Investments with Equity Method,59402655.0
PETUN,2023/12,1BE,Canlı Varlıklar,Long-Term Live Assets,0.0
PETUN,2023/12,1BF,Yatırım Amaçlı Gayrimenkuller,Real Estate Investments,9116170.0
PETUN,2023/12,1BFA,Stoklar,Stoklar,0.0
PETUN,2023/12,1BFAA,Kullanım Hakkı Varlıkları,nan,1790727.0
PETUN,2023/12,1BG,Maddi Duran Varlıklar,Tangible Fixed Assets,177806216.0
PETUN,2023/12,1BGA,Şerefiye,Goodwill,0.0
PETUN,2023/12,1BH,Maddi Olmayan Duran Varlıklar,Intangible Fixed Assets,1240391.0
PETUN,2023/12,1BJ,Ertelenmiş Vergi Varlığı,Long Term Deffered Tax Assets,0.0
PETUN,2023/12,1BK,Diğer Duran Varlıklar,Other Long-Term Assets,225530.0
PETUN,2023/12,1BL,TOPLAM VARLIKLAR,TOTAL ASSETS,326939315.0
PETUN,2023/12,1BM,KAYNAKLAR,LIABILITIES,0.0
PETUN,2023/12,2A,Kısa Vadeli Yükümlülükler,SHORT TERM LIABILITIES,67167331.0
PETUN,2023/12,2AA,Finansal Borçlar,Short-Term Financial Loans,25047622.0
PETUN,2023/12,2AAG,Diğer Finansal Yükümlülükler,Other Short-Term Financial Liabilities,1867786.0
PETUN,2023/12,2AAGAA,Ticari Borçlar,Short-Term Trade Payables,37124305.0
PETUN,2023/12,2AAGAB,Diğer Borçlar,Other Short-Term Loans,1311407.0
PETUN,2023/12,2AAGAC,Müşteri Söz. Doğan Yük.,nan,0.0
PETUN,2023/12,2AAGB,Finans Sektörü Faaliyetlerinden Borçlar,Short-Term Loans from Financial Operations,0.0
PETUN,2023/12,2AAGC,Devlet Teşvik ve Yardımları,Short-Term Government Promotions and Aids,0.0
PETUN,2023/12,2AAGCA,Ertelenmiş Gelirler (Müşteri Söz. Doğan Yük. Dış.Kal.),nan,77189.0
PETUN,2023/12,2AAGD,Dönem Karı Vergi Yükümlülüğü,Taxation Liabilities on Income (-),208225.0
PETUN,2023/12,2AAGE,Borç Karşılıkları,Short-Term Provisions,1025975.0
PETUN,2023/12,2AAGF,Diğer Kısa Vadeli Yükümlülükler,Other Short-Term Liabilities,504821.0
PETUN,2023/12,2AAGG,(Ara Toplam),(Subtotal),67167331.0
PETUN,2023/12,2AAGH,Satış Amaçlı Elde Tutulan Duran Varlıklara İlişkin Yükümlülükler,Liabilities on Assets to be Sold,0.0
PETUN,2023/12,2B,Uzun Vadeli Yükümlülükler,LONG TERM LIABILITIES,31186294.0
PETUN,2023/12,2BA,Finansal Borçlar,Long-Term Financial Loans,1156356.0
PETUN,2023/12,2BB,Diğer Finansal Yükümlülükler,Other Short-Term Financial Liabilities,0.0
PETUN,2023/12,2BBA,Ticari Borçlar,Long-Term Trade Payables,0.0
PETUN,2023/12,2BBB,Diğer Borçlar,Other Long-Term Loans,0.0
PETUN,2023/12,2BBBA,Müşteri Söz.Doğan Yük.,nan,0.0
PETUN,2023/12,2BC,Finans Sektörü Faaliyetlerinden Borçlar,Long-Term Loans from Financial Operations,0.0
PETUN,2023/12,2BD,Devlet Teşvik ve Yardımları,Long-Term Government Promotions and Aids,0.0
PETUN,2023/12,2BDA,Ertelenmiş Gelirler (Müşteri Söz.Doğan Yük. Dış.Kal.),nan,0.0
PETUN,2023/12,2BE,Uzun vadeli karşılıklar,Long-Term Provisions,6884433.0
PETUN,2023/12,2BF,Çalışanlara Sağlanan Faydalara İliş.Karş.,Provisions for Retirment Pay,0.0
PETUN,2023/12,2BG,Ertelenmiş Vergi Yükümlülüğü,Deferred Tax Liabilities,23145505.0
PETUN,2023/12,2BH,Diğer Uzun Vadeli Yükümlülükler,Other Long-Term Liabilities,0.0
PETUN,2023/12,2N,Özkaynaklar,SHAREHOLDERS EQUITY,228585691.0
PETUN,2023/12,2O,Ana Ortaklığa Ait Özkaynaklar,Parent Shareholders Capital,228585691.0
PETUN,2023/12,2OA,Ödenmiş Sermaye,Share Capital,1469416.0
PETUN,2023/12,2OC,Karşılıklı İştirak Sermayesi Düzeltmesi (-),Adjustments to Share Capital,0.0
PETUN,2023/12,2OCA,Hisse Senedi İhraç Primleri,Premium in Excess of Par,0.0
PETUN,2023/12,2OCB,Değer Artış Fonları,Market Value Surpluses,0.0
PETUN,2023/12,2OCC,Yabancı Para Çevrim Farkları,FX Translation Differences,0.0
PETUN,2023/12,2OCD,Kardan Ayrılan Kısıtlanmış Yedekler,Income Reserves,23508560.0
PETUN,2023/12,2OCE,Geçmiş Yıllar Kar/Zararları,Retained Earnings /(Acc. Losses),57984978.0
PETUN,2023/12,2OCF,Dönem Net Kar/Zararı,Current Year Income /(Losses),23468362.0
PETUN,2023/12,2OD,Diğer Özsermaye Kalemleri,Other Sholders Equity Items,122154374.0
PETUN,2023/12,2ODA,Azınlık Payları,Minority Interests,0.0
PETUN,2023/12,2ODB,TOPLAM KAYNAKLAR,TOTAL LIABILITIES AND S.HOLDERS EQUITY,326939315.0
PETUN,2023/12,3B,Sürdürülen Faaliyetler,Continuing Operations,0.0
PETUN,2023/12,3C,Satış Gelirleri,Net Sales,299876145.0
PETUN,2023/12,3CA,Satışların Maliyeti (-),Cost Of Sales,-264195277.0
PETUN,2023/12,3CAA,Ticari Faaliyetlerden Diğer Kar (Zarar),Other Profit (Loss) from Trade Operations,0.0
PETUN,2023/12,3CAB,Ticari Faaliyetlerden Brüt Kar (Zarar),Gross Profit (Loss) from Trade Operations,35680869.0
PETUN,2023/12,3CAC,"Faiz, Ücret, Prim, Komisyon ve Diğer Gelirler","Proceeds from Interest, Fee, Premium, Commission and Other",0.0
PETUN,2023/12,3CAD,"Faiz, Ücret, Prim, Komisyon ve Diğer Giderler (-)","Expenses from Interest, Fee, Premium, Commission and Other",0.0
PETUN,2023/12,3CAE,Finans Sektörü Faaliyetlerinden Diğer Kar (Zarar),Other Profit (Loss) from Financial Operations,0.0
PETUN,2023/12,3CAF,Finans Sektörü Faaliyetlerinden Brüt Kar (Zarar),Gross Profit (Loss) from Financial Operations,0.0
PETUN,2023/12,3CB,Diğer Gelir ve Giderler,Other Income (Expenses),-5477930.0
PETUN,2023/12,3D,BRÜT KAR (ZARAR),GROSS PROFIT (LOSS),30202939.0
PETUN,2023/12,3DA,"Pazarlama, Satış ve Dağıtım Giderleri (-)",Marketing Selling & Distrib. Expenses (-),-15877310.0
PETUN,2023/12,3DB,Genel Yönetim Giderleri (-),General Administrative Expenses (-),-10278067.0
PETUN,2023/12,3DC,Araştırma ve Geliştirme Giderleri (-),Research & Development Expenses (-),-1537011.0
PETUN,2023/12,3DD,Diğer Faaliyet Gelirleri,Income from Other Operations,3647719.0
PETUN,2023/12,3DE,Diğer Faaliyet Giderleri (-),Expenses from Other Operations (-),-4212104.0
PETUN,2023/12,3DEA,Faaliyet Karı Öncesi Diğer Gelir ve Giderler,Other Income (Expenses) Before Operating Profits,0.0
PETUN,2023/12,3DF,FAALİYET KARI (ZARARI),OPERATING PROFITS,1946166.0
PETUN,2023/12,3H,Net Faaliyet Kar/Zararı,Net Operating Profits,2510550.0
PETUN,2023/12,3HA,Yatırım Faaliyetlerinden Gelirler,nan,3235440.0
PETUN,2023/12,3HAA,Yatırım Faaliyetlerinden Giderler (-),nan,-29688.0
PETUN,2023/12,3HAB,Diğer Gelir ve Giderler,nan,0.0
PETUN,2023/12,3HAC,Özkaynak Yöntemiyle Değerlenen Yatırımların Kar/Zararlarındaki Paylar,Profit (Loss) from Subsidiaries,15240890.0
PETUN,2023/12,3HACA,Finansman Gideri Öncesi Faaliyet Karı/Zararı,nan,20392808.0
PETUN,2023/12,3HB,(Esas Faaliyet Dışı) Finansal Gelirler,Financial Income (from Other Operations),3001485.0
PETUN,2023/12,3HC,(Esas Faaliyet Dışı) Finansal Giderler (-),Financial Expenses (from Other Operations) (-),6553660.0
PETUN,2023/12,3HCA,Vergi Öncesi Diğer Gelir ve Giderler,Other Income (Expenses) Before Tax,3205752.0
PETUN,2023/12,3I,SÜRDÜRÜLEN FAALİYETLER VERGİ ÖNCESİ KARI (ZARARI),PROFIT BEFORE TAX FROM CONTINUING OPERATIONS,29947953.0
PETUN,2023/12,3IA,Sürdürülen Faaliyetler Vergi Geliri (Gideri),Taxation on Continuing Operations,-902420.0
PETUN,2023/12,3IB,Dönem Vergi Geliri (Gideri),Taxation on Income (Expenses),-1954579.0
PETUN,2023/12,3IC,Ertelenmiş Vergi Geliri (Gideri),Income (Expenses) of Deferred Tax,1052159.0
PETUN,2023/12,3ID,Diğer Vergi Geliri (Gideri),Other Taxation Income (Expenses),0.0
PETUN,2023/12,3J,SÜRDÜRÜLEN FAALİYETLER DÖNEM KARI/ZARARI,PROFIT FROM CONTINUING OPERATIONS,29045533.0
PETUN,2023/12,3K,DURDURULAN FAALİYETLER,DISCONTINUED OPERATIONS,0.0
PETUN,2023/12,3KA,Durdurulan Faaliyetler Vergi Sonrası Dönem Karı (Zararı),Profit After Taxes from Discontinued Operations,0.0
PETUN,2023/12,3L,DÖNEM KARI (ZARARI),NET PROFIT AFTER TAXES,29045533.0
PETUN,2023/12,3LA,Dönem Kar/Zararının Dağılımı,Distrubition of Profit (Loss),0.0
PETUN,2023/12,3LB,Azınlık Payları,Minority Interests,0.0
PETUN,2023/12,3Z,Ana Ortaklık Payları,Parent Shares,29045533.0
PETUN,2023/12,3ZD,Hisse Başına Kazanç,Earnings per Share,0.0
PETUN,2023/12,3ZE,Seyreltilmiş Hisse Başına Kazanç,Diluted Earnings per Share,0.0
PETUN,2023/12,3ZF,Sürdürülen Faaliyetlerden Hisse Başına Kazanç,Earnings per Share from Continuing Operations,0.0
PETUN,2023/12,3ZG,Sürdürülen Faaliyetlerden Seyreltilmiş Hisse Başına Kazanç,Earnings per Share from Discontinued Operations,0.0
PETUN,2023/12,4B,Amortisman Giderleri,Depreciation & Amortization,7815038.0
PETUN,2023/12,4BA,Kıdem Tazminatı,Severance Payments,555370.0
PETUN,2023/12,4BB,Finansman Giderleri,Financial Expenses,6553660.0
PETUN,2023/12,4BC,Yurtiçi Satışlar,Domestic Sales,343557488.0
PETUN,2023/12,4BD,Yurtdışı Satışlar,Export Sales,8732274.0
PETUN,2023/12,4BE,Net Yabancı Para Pozisyonu,Net Fx Position,3477090.0
PETUN,2023/12,4BEA,Parasal net yabancı para varlık/(yükümlülük) pozisyonu,Parasal net yabancı para varlık/(yükümlülük) pozisyonu,3477090.0
PETUN,2023/12,4BEB,Net YPP (Hedge Dahil),Net YPP (Hedge Dahil),3477090.0
PETUN,2023/12,4C,İşletme Faaliyetlerinden Kaynaklanan Net Nakit,Net Cash from Operations,10995116.0
PETUN,2023/12,4CA,Düzeltme Öncesi Kar,Earnings Before Adjustments,29045533.0
PETUN,2023/12,4CAA,Düzeltmeler:,Adjustments:,-11628580.0
PETUN,2023/12,4CAB,Amortisman & İtfa Payları,Depreciation & Amortisation,7815038.0
PETUN,2023/12,4CAC,Karşılıklardaki Değişim,Change in Provisions,1089715.0
PETUN,2023/12,4CAD,Diğer Gelir/ Gider,Other Income / Expense,-3842526.0
PETUN,2023/12,4CAE,İşletme Sermayesinde Değişikler Öncesi Faaliyet Karı (+),Operating Profit Before Changes in Working Capital (+),17416953.0
PETUN,2023/12,4CAF,İşletme Sermayesindeki Değişiklikler,Change in Working Capital,-2080915.0
PETUN,2023/12,4CAG,Esas Faaliyet ile İlgili Oluşan Nakit (+),Cash from Core Operations (+),15336038.0
PETUN,2023/12,4CAH,Diğer İşletme Faaliyetlerinden Nakit,Cash from Other Operations,-4340922.0
PETUN,2023/12,4CAI,Sabit Sermaye Yatırımları,Capital Expenditures (CapEx),-7742801.0
PETUN,2023/12,4CAJ,Diğer Yatırım Faaliyetlerinden Nakit,Cash from Other Investment Operations,3240140.0
PETUN,2023/12,4CAK,Yatırım Faaliyetlerinden Kaynaklanan Nakit,Cash from Investment Operations,-4502662.0
PETUN,2023/12,4CB,Serbest Nakit Akım,Free Cash Flow,6492455.0
PETUN,2023/12,4CBA,Finansal Borçlardaki Değişim,Change in Financial Debt,6690914.0
PETUN,2023/12,4CBB,Temettü Ödemeleri,Dividends Paid,-9481989.0
PETUN,2023/12,4CBC,Sermaye Artırımı,Rights Issue,0.0
PETUN,2023/12,4CBD,Diğer Finansman Faaliyetlerinden Nakit,Cash from Other Financial Operations,-4210370.0
PETUN,2023/12,4CBE,Finansman Faaliyetlerden Kaynaklanan Nakit,Cash from Financial Operations,-7001445.0
PETUN,2023/12,4CBF,Yab. Para Çev. Fark. Etk. Önc.Nak.Ve Nak. Benz. Net Artış/Azalış,Cash Net Inc. / Dec. before For.Cur. Trans. Dif.,-2313315.0
PETUN,2023/12,4CBG,Yab.ı Para Çevrim Fark. Nakit Ve Nakit Benz. Üzerindeki Etkisi,Foreign Curr. Trans.Diff.Cash and Cash Benz. Imp.,804.0
PETUN,2023/12,4CBH,Diğer Nakit Girişi/Çıkışı,Other Cash Inflow/Outflow,0.0
PETUN,2023/12,4CBI,Nakit ve Benzerlerindeki Değişim,Change in Cash & Cash Equivalents,-2312511.0
PETUN,2023/12,4CBJ,Diğer Nakit ve Nakit Benzerlerindeki Artış,Other Cash & Cash Equivalents Change,0.0
PETUN,2023/12,4CBK,Dönem Başı Nakit Değerler,Cash at the beginning of the Quarter,5612124.0
PETUN,2023/12,4CBL,Dönem Sonu Nakit,Cash at the End of the Quarter,3299613.0
PETUN,2023/3,1A,Dönen Varlıklar,CURRENT ASSETS,67255248.0
PETUN,2023/3,1AA,Nakit ve Nakit Benzerleri,Cash and Cash Equivalents,5637133.0
PETUN,2023/3,1AB,Finansal Yatırımlar,Short-Term Financial Investments,0.0
PETUN,2023/3,1AC,Ticari Alacaklar,Short-Term Trade Receivables,25295833.0
PETUN,2023/3,1AD,Finans Sektörü Faaliyetlerinden Alacaklar,Short-Term Receivables from Financial Operations,0.0
PETUN,2023/3,1AE,Diğer Alacaklar,Short-Term Other Receivables,13717903.0
PETUN,2023/3,1AEA,Müşteri Sözleşmelerinden Doğan Varlıklar,nan,0.0
PETUN,2023/3,1AF,Stoklar,Inventories,13224132.0
PETUN,2023/3,1AG,Canlı Varlıklar,Short-Term Live Assets,7891025.0
PETUN,2023/3,1AH,Diğer Dönen Varlıklar,Other Current Assets,1489221.0
PETUN,2023/3,1AI,(Ara Toplam),(Subtotal),67255248.0
PETUN,2023/3,1AJ,Satış Amacıyla Elde Tutulan Duran Varlıklar,Assets to be Sold,0.0
PETUN,2023/3,1AK,Duran Varlıklar,LONG TERM ASSETS,160001134.0
PETUN,2023/3,1B,Ticari Alacaklar,Trade Receivables,0.0
PETUN,2023/3,1BA,Finans Sektörü Faaliyetlerinden Alacaklar,Long-Term Receivables from Financial Operations,0.0
PETUN,2023/3,1BB,Diğer Alacaklar,Other Receivables,0.0
PETUN,2023/3,1BBA,Müşteri Sözleşmelerinden Doğan Varlıklar,nan,0.0
PETUN,2023/3,1BC,Finansal Yatırımlar,Financial Investments,625752.0
PETUN,2023/3,1BD,Özkaynak Yöntemiyle Değerlenen Yatırımlar,Investments with Equity Method,50000375.0
PETUN,2023/3,1BE,Canlı Varlıklar,Long-Term Live Assets,0.0
PETUN,2023/3,1BF,Yatırım Amaçlı Gayrimenkuller,Real Estate Investments,4238110.0
PETUN,2023/3,1BFA,Stoklar,Stoklar,0.0
PETUN,2023/3,1BFAA,Kullanım Hakkı Varlıkları,nan,258274.0
PETUN,2023/3,1BG,Maddi Duran Varlıklar,Tangible Fixed Assets,104368197.0
PETUN,2023/3,1BGA,Şerefiye,Goodwill,0.0
PETUN,2023/3,1BH,Maddi Olmayan Duran Varlıklar,Intangible Fixed Assets,500260.0
PETUN,2023/3,1BJ,Ertelenmiş Vergi Varlığı,Long Term Deffered Tax Assets,0.0
PETUN,2023/3,1BK,Diğer Duran Varlıklar,Other Long-Term Assets,10168.0
PETUN,2023/3,1BL,TOPLAM VARLIKLAR,TOTAL ASSETS,227256382.0
PETUN,2023/3,1BM,KAYNAKLAR,LIABILITIES,0.0
PETUN,2023/3,2A,Kısa Vadeli Yükümlülükler,SHORT TERM LIABILITIES,61166051.0
PETUN,2023/3,2AA,Finansal Borçlar,Short-Term Financial Loans,21604391.0
PETUN,2023/3,2AAG,Diğer Finansal Yükümlülükler,Other Short-Term Financial Liabilities,1352473.0
PETUN,2023/3,2AAGAA,Ticari Borçlar,Short-Term Trade Payables,24228326.0
PETUN,2023/3,2AAGAB,Diğer Borçlar,Other Short-Term Loans,12389730.0
PETUN,2023/3,2AAGAC,Müşteri Söz. Doğan Yük.,nan,0.0
PETUN,2023/3,2AAGB,Finans Sektörü Faaliyetlerinden Borçlar,Short-Term Loans from Financial Operations,0.0
PETUN,2023/3,2AAGC,Devlet Teşvik ve Yardımları,Short-Term Government Promotions and Aids,0.0
PETUN,2023/3,2AAGCA,Ertelenmiş Gelirler (Müşteri Söz. Doğan Yük. Dış.Kal.),nan,11573.0
PETUN,2023/3,2AAGD,Dönem Karı Vergi Yükümlülüğü,Taxation Liabilities on Income (-),105563.0
PETUN,2023/3,2AAGE,Borç Karşılıkları,Short-Term Provisions,96728.0
PETUN,2023/3,2AAGF,Diğer Kısa Vadeli Yükümlülükler,Other Short-Term Liabilities,1377266.0
PETUN,2023/3,2AAGG,(Ara Toplam),(Subtotal),61166051.0
PETUN,2023/3,2AAGH,Satış Amaçlı Elde Tutulan Duran Varlıklara İlişkin Yükümlülükler,Liabilities on Assets to be Sold,0.0
PETUN,2023/3,2B,Uzun Vadeli Yükümlülükler,LONG TERM LIABILITIES,18206535.0
PETUN,2023/3,2BA,Finansal Borçlar,Long-Term Financial Loans,1119160.0
PETUN,2023/3,2BB,Diğer Finansal Yükümlülükler,Other Short-Term Financial Liabilities,0.0
PETUN,2023/3,2BBA,Ticari Borçlar,Long-Term Trade Payables,0.0
PETUN,2023/3,2BBB,Diğer Borçlar,Other Long-Term Loans,0.0
PETUN,2023/3,2BBBA,Müşteri Söz.Doğan Yük.,nan,0.0
PETUN,2023/3,2BC,Finans Sektörü Faaliyetlerinden Borçlar,Long-Term Loans from Financial Operations,0.0
PETUN,2023/3,2BD,Devlet Teşvik ve Yardımları,Long-Term Government Promotions and Aids,0.0
PETUN,2023/3,2BDA,Ertelenmiş Gelirler (Müşteri Söz.Doğan Yük. Dış.Kal.),nan,0.0
PETUN,2023/3,2BE,Uzun vadeli karşılıklar,Long-Term Provisions,7907803.0
PETUN,2023/3,2BF,Çalışanlara Sağlanan Faydalara İliş.Karş.,Provisions for Retirment Pay,0.0
PETUN,2023/3,2BG,Ertelenmiş Vergi Yükümlülüğü,Deferred Tax Liabilities,9179571.0
PETUN,2023/3,2BH,Diğer Uzun Vadeli Yükümlülükler,Other Long-Term Liabilities,0.0
PETUN,2023/3,2N,Özkaynaklar,SHAREHOLDERS EQUITY,147883797.0
PETUN,2023/3,2O,Ana Ortaklığa Ait Özkaynaklar,Parent Shareholders Capital,147883797.0
PETUN,2023/3,2OA,Ödenmiş Sermaye,Share Capital,2258466.0
PETUN,2023/3,2OC,Karşılıklı İştirak Sermayesi Düzeltmesi (-),Adjustments to Share Capital,0.0
PETUN,2023/3,2OCA,Hisse Senedi İhraç Primleri,Premium in Excess of Par,0.0
PETUN,2023/3,2OCB,Değer Artış Fonları,Market Value Surpluses,0.0
PETUN,2023/3,2OCC,Yabancı Para Çevrim Farkları,FX Translation Differences,0.0
PETUN,2023/3,2OCD,Kardan Ayrılan Kısıtlanmış Yedekler,Income Reserves,4058287.0
PETUN,2023/3,2OCE,Geçmiş Yıllar Kar/Zararları,Retained Earnings /(Acc. Losses),25392945.0
PETUN,2023/3,2OCF,Dönem Net Kar/Zararı,Current Year Income /(Losses),1733694.0
PETUN,2023/3,2OD,Diğer Özsermaye Kalemleri,Other Sholders Equity Items,114440404.0
PETUN,2023/3,2ODA,Azınlık Payları,Minority Interests,0.0
PETUN,2023/3,2ODB,TOPLAM KAYNAKLAR,TOTAL LIABILITIES AND S.HOLDERS EQUITY,227256382.0
PETUN,2023/3,3B,Sürdürülen Faaliyetler,Continuing Operations,0.0
PETUN,2023/3,3C,Satış Gelirleri,Net Sales,83117688.0
PETUN,2023/3,3CA,Satışların Maliyeti (-),Cost Of Sales,-73651483.0
PETUN,2023/3,3CAA,Ticari Faaliyetlerden Diğer Kar (Zarar),Other Profit (Loss) from Trade Operations,0.0
PETUN,2023/3,3CAB,Ticari Faaliyetlerden Brüt Kar (Zarar),Gross Profit (Loss) from Trade Operations,9466205.0
PETUN,2023/3,3CAC,"Faiz, Ücret, Prim, Komisyon ve Diğer Gelirler","Proceeds from Interest, Fee, Premium, Commission and Other",0.0
PETUN,2023/3,3CAD,"Faiz, Ücret, Prim, Komisyon ve Diğer Giderler (-)","Expenses from Interest, Fee, Premium, Commission and Other",0.0
PETUN,2023/3,3CAE,Finans Sektörü Faaliyetlerinden Diğer Kar (Zarar),Other Profit (Loss) from Financial Operations,0.0
PETUN,2023/3,3CAF,Finans Sektörü Faaliyetlerinden Brüt Kar (Zarar),Gross Profit (Loss) from Financial Operations,0.0
PETUN,2023/3,3CB,Diğer Gelir ve Giderler,Other Income (Expenses),-362239.0
PETUN,2023/3,3D,BRÜT KAR (ZARAR),GROSS PROFIT (LOSS),9103966.0
PETUN,2023/3,3DA,"Pazarlama, Satış ve Dağıtım Giderleri (-)",Marketing Selling & Distrib. Expenses (-),-4587279.0
PETUN,2023/3,3DB,Genel Yönetim Giderleri (-),General Administrative Expenses (-),-2814672.0
PETUN,2023/3,3DC,Araştırma ve Geliştirme Giderleri (-),Research & Development Expenses (-),-355510.0
PETUN,2023/3,3DD,Diğer Faaliyet Gelirleri,Income from Other Operations,408185.0
PETUN,2023/3,3DE,Diğer Faaliyet Giderleri (-),Expenses from Other Operations (-),-559489.0
PETUN,2023/3,3DEA,Faaliyet Karı Öncesi Diğer Gelir ve Giderler,Other Income (Expenses) Before Operating Profits,0.0
PETUN,2023/3,3DF,FAALİYET KARI (ZARARI),OPERATING PROFITS,1195199.0
PETUN,2023/3,3H,Net Faaliyet Kar/Zararı,Net Operating Profits,1346504.0
PETUN,2023/3,3HA,Yatırım Faaliyetlerinden Gelirler,nan,16202.0
PETUN,2023/3,3HAA,Yatırım Faaliyetlerinden Giderler (-),nan,-29679.0
PETUN,2023/3,3HAB,Diğer Gelir ve Giderler,nan,0.0
PETUN,2023/3,3HAC,Özkaynak Yöntemiyle Değerlenen Yatırımların Kar/Zararlarındaki Paylar,Profit (Loss) from Subsidiaries,-1761059.0
PETUN,2023/3,3HACA,Finansman Gideri Öncesi Faaliyet Karı/Zararı,nan,-579337.0
PETUN,2023/3,3HB,(Esas Faaliyet Dışı) Finansal Gelirler,Financial Income (from Other Operations),730366.0
PETUN,2023/3,3HC,(Esas Faaliyet Dışı) Finansal Giderler (-),Financial Expenses (from Other Operations) (-),3987068.0
PETUN,2023/3,3HCA,Vergi Öncesi Diğer Gelir ve Giderler,Other Income (Expenses) Before Tax,-13477.0
PETUN,2023/3,3I,SÜRDÜRÜLEN FAALİYETLER VERGİ ÖNCESİ KARI (ZARARI),PROFIT BEFORE TAX FROM CONTINUING OPERATIONS,4138097.0
PETUN,2023/3,3IA,Sürdürülen Faaliyetler Vergi Geliri (Gideri),Taxation on Continuing Operations,165777.0
PETUN,2023/3,3IB,Dönem Vergi Geliri (Gideri),Taxation on Income (Expenses),-708396.0
PETUN,2023/3,3IC,Ertelenmiş Vergi Geliri (Gideri),Income (Expenses) of Deferred Tax,874172.0
PETUN,2023/3,3ID,Diğer Vergi Geliri (Gideri),Other Taxation Income (Expenses),0.0
PETUN,2023/3,3J,SÜRDÜRÜLEN FAALİYETLER DÖNEM KARI/ZARARI,PROFIT FROM CONTINUING OPERATIONS,4303874.0
PETUN,2023/3,3K,DURDURULAN FAALİYETLER,DISCONTINUED OPERATIONS,0.0
PETUN,2023/3,3KA,Durdurulan Faaliyetler Vergi Sonrası Dönem Karı (Zararı),Profit After Taxes from Discontinued Operations,0.0
PETUN,2023/3,3L,DÖNEM KARI (ZARARI),NET PROFIT AFTER TAXES,4303874.0
PETUN,2023/3,3LA,Dönem Kar/Zararının Dağılımı,Distrubition of Profit (Loss),0.0
PETUN,2023/3,3LB,Azınlık Payları,Minority Interests,0.0
PETUN,2023/3,3Z,Ana Ortaklık Payları,Parent Shares,4303874.0
PETUN,2023/3,3ZD,Hisse Başına Kazanç,Earnings per Share,0.0
PETUN,2023/3,3ZE,Seyreltilmiş Hisse Başına Kazanç,Diluted Earnings per Share,0.0
PETUN,2023/3,3ZF,Sürdürülen Faaliyetlerden Hisse Başına Kazanç,Earnings per Share from Continuing Operations,0.0
PETUN,2023/3,3ZG,Sürdürülen Faaliyetlerden Seyreltilmiş Hisse Başına Kazanç,Earnings per Share from Discontinued Operations,0.0
PETUN,2023/3,4B,Amortisman Giderleri,Depreciation & Amortization,2060694.0
PETUN,2023/3,4BA,Kıdem Tazminatı,Severance Payments,-1657001.0
PETUN,2023/3,4BB,Finansman Giderleri,Financial Expenses,3987068.0
PETUN,2023/3,4BC,Yurtiçi Satışlar,Domestic Sales,80430796.0
PETUN,2023/3,4BD,Yurtdışı Satışlar,Export Sales,2162614.0
PETUN,2023/3,4BE,Net Yabancı Para Pozisyonu,Net Fx Position,1449700.0
PETUN,2023/3,4BEA,Parasal net yabancı para varlık/(yükümlülük) pozisyonu,Parasal net yabancı para varlık/(yükümlülük) pozisyonu,1422725.0
PETUN,2023/3,4BEB,Net YPP (Hedge Dahil),Net YPP (Hedge Dahil),1449700.0
PETUN,2023/3,4C,İşletme Faaliyetlerinden Kaynaklanan Net Nakit,Net Cash from Operations,-5663529.0
PETUN,2023/3,4CA,Düzeltme Öncesi Kar,Earnings Before Adjustments,3670198.0
PETUN,2023/3,4CAA,Düzeltmeler:,Adjustments:,5026107.0
PETUN,2023/3,4CAB,Amortisman & İtfa Payları,Depreciation & Amortisation,2060694.0
PETUN,2023/3,4CAC,Karşılıklardaki Değişim,Change in Provisions,-922435.0
PETUN,2023/3,4CAD,Diğer Gelir/ Gider,Other Income / Expense,7858291.0
PETUN,2023/3,4CAE,İşletme Sermayesinde Değişikler Öncesi Faaliyet Karı (+),Operating Profit Before Changes in Working Capital (+),8696305.0
PETUN,2023/3,4CAF,İşletme Sermayesindeki Değişiklikler,Change in Working Capital,-13577567.0
PETUN,2023/3,4CAG,Esas Faaliyet ile İlgili Oluşan Nakit (+),Cash from Core Operations (+),-4881262.0
PETUN,2023/3,4CAH,Diğer İşletme Faaliyetlerinden Nakit,Cash from Other Operations,-782267.0
PETUN,2023/3,4CAI,Sabit Sermaye Yatırımları,Capital Expenditures (CapEx),-2442226.0
PETUN,2023/3,4CAJ,Diğer Yatırım Faaliyetlerinden Nakit,Cash from Other Investment Operations,364706.0
PETUN,2023/3,4CAK,Yatırım Faaliyetlerinden Kaynaklanan Nakit,Cash from Investment Operations,-2077520.0
PETUN,2023/3,4CB,Serbest Nakit Akım,Free Cash Flow,-7741049.0
PETUN,2023/3,4CBA,Finansal Borçlardaki Değişim,Change in Financial Debt,14753427.0
PETUN,2023/3,4CBB,Temettü Ödemeleri,Dividends Paid,0.0
PETUN,2023/3,4CBC,Sermaye Artırımı,Rights Issue,0.0
PETUN,2023/3,4CBD,Diğer Finansman Faaliyetlerinden Nakit,Cash from Other Financial Operations,-3008351.0
PETUN,2023/3,4CBE,Finansman Faaliyetlerden Kaynaklanan Nakit,Cash from Financial Operations,11745076.0
PETUN,2023/3,4CBF,Yab. Para Çev. Fark. Etk. Önc.Nak.Ve Nak. Benz. Net Artış/Azalış,Cash Net Inc. / Dec. before For.Cur. Trans. Dif.,4004027.0
PETUN,2023/3,4CBG,Yab.ı Para Çevrim Fark. Nakit Ve Nakit Benz. Üzerindeki Etkisi,Foreign Curr. Trans.Diff.Cash and Cash Benz. Imp.,1313.0
PETUN,2023/3,4CBH,Diğer Nakit Girişi/Çıkışı,Other Cash Inflow/Outflow,0.0
PETUN,2023/3,4CBI,Nakit ve Benzerlerindeki Değişim,Change in Cash & Cash Equivalents,4005341.0
PETUN,2023/3,4CBJ,Diğer Nakit ve Nakit Benzerlerindeki Artış,Other Cash & Cash Equivalents Change,0.0
PETUN,2023/3,4CBK,Dönem Başı Nakit Değerler,Cash at the beginning of the Quarter,5640822.0
PETUN,2023/3,4CBL,Dönem Sonu Nakit,Cash at the End of the Quarter,9646162.0
PETUN,2023/6,1A,Dönen Varlıklar,CURRENT ASSETS,52021967.0
PETUN,2023/6,1AA,Nakit ve Nakit Benzerleri,Cash and Cash Equivalents,1027909.0
PETUN,2023/6,1AB,Finansal Yatırımlar,Short-Term Financial Investments,0.0
PETUN,2023/6,1AC,Ticari Alacaklar,Short-Term Trade Receivables,24401856.0
PETUN,2023/6,1AD,Finans Sektörü Faaliyetlerinden Alacaklar,Short-Term Receivables from Financial Operations,0.0
PETUN,2023/6,1AE,Diğer Alacaklar,Short-Term Other Receivables,7484878.0
PETUN,2023/6,1AEA,Müşteri Sözleşmelerinden Doğan Varlıklar,nan,0.0
PETUN,2023/6,1AF,Stoklar,Inventories,13397109.0
PETUN,2023/6,1AG,Canlı Varlıklar,Short-Term Live Assets,4383855.0
PETUN,2023/6,1AH,Diğer Dönen Varlıklar,Other Current Assets,1326359.0
PETUN,2023/6,1AI,(Ara Toplam),(Subtotal),52021967.0
PETUN,2023/6,1AJ,Satış Amacıyla Elde Tutulan Duran Varlıklar,Assets to be Sold,0.0
PETUN,2023/6,1AK,Duran Varlıklar,LONG TERM ASSETS,117462359.0
PETUN,2023/6,1B,Ticari Alacaklar,Trade Receivables,0.0
PETUN,2023/6,1BA,Finans Sektörü Faaliyetlerinden Alacaklar,Long-Term Receivables from Financial Operations,0.0
PETUN,2023/6,1BB,Diğer Alacaklar,Other Receivables,0.0
PETUN,2023/6,1BBA,Müşteri Sözleşmelerinden Doğan Varlıklar,nan,0.0
PETUN,2023/6,1BC,Finansal Yatırımlar,Financial Investments,464672.0
PETUN,2023/6,1BD,Özkaynak Yöntemiyle Değerlenen Yatırımlar,Investments with Equity Method,35984207.0
PETUN,2023/6,1BE,Canlı Varlıklar,Long-Term Live Assets,0.0
PETUN,2023/6,1BF,Yatırım Amaçlı Gayrimenkuller,Real Estate Investments,3145253.0
PETUN,2023/6,1BFA,Stoklar,Stoklar,0.0
PETUN,2023/6,1BFAA,Kullanım Hakkı Varlıkları,nan,214716.0
PETUN,2023/6,1BG,Maddi Duran Varlıklar,Tangible Fixed Assets,77210903.0
PETUN,2023/6,1BGA,Şerefiye,Goodwill,0.0
PETUN,2023/6,1BH,Maddi Olmayan Duran Varlıklar,Intangible Fixed Assets,438758.0
PETUN,2023/6,1BJ,Ertelenmiş Vergi Varlığı,Long Term Deffered Tax Assets,0.0
PETUN,2023/6,1BK,Diğer Duran Varlıklar,Other Long-Term Assets,3851.0
PETUN,2023/6,1BL,TOPLAM VARLIKLAR,TOTAL ASSETS,169484326.0
PETUN,2023/6,1BM,KAYNAKLAR,LIABILITIES,0.0
PETUN,2023/6,2A,Kısa Vadeli Yükümlülükler,SHORT TERM LIABILITIES,45693813.0
PETUN,2023/6,2AA,Finansal Borçlar,Short-Term Financial Loans,20176382.0
PETUN,2023/6,2AAG,Diğer Finansal Yükümlülükler,Other Short-Term Financial Liabilities,1261031.0
PETUN,2023/6,2AAGAA,Ticari Borçlar,Short-Term Trade Payables,19671846.0
PETUN,2023/6,2AAGAB,Diğer Borçlar,Other Short-Term Loans,2902337.0
PETUN,2023/6,2AAGAC,Müşteri Söz. Doğan Yük.,nan,0.0
PETUN,2023/6,2AAGB,Finans Sektörü Faaliyetlerinden Borçlar,Short-Term Loans from Financial Operations,0.0
PETUN,2023/6,2AAGC,Devlet Teşvik ve Yardımları,Short-Term Government Promotions and Aids,0.0
PETUN,2023/6,2AAGCA,Ertelenmiş Gelirler (Müşteri Söz. Doğan Yük. Dış.Kal.),nan,52317.0
PETUN,2023/6,2AAGD,Dönem Karı Vergi Yükümlülüğü,Taxation Liabilities on Income (-),370422.0
PETUN,2023/6,2AAGE,Borç Karşılıkları,Short-Term Provisions,78452.0
PETUN,2023/6,2AAGF,Diğer Kısa Vadeli Yükümlülükler,Other Short-Term Liabilities,1181026.0
PETUN,2023/6,2AAGG,(Ara Toplam),(Subtotal),45693813.0
PETUN,2023/6,2AAGH,Satış Amaçlı Elde Tutulan Duran Varlıklara İlişkin Yükümlülükler,Liabilities on Assets to be Sold,0.0
PETUN,2023/6,2B,Uzun Vadeli Yükümlülükler,LONG TERM LIABILITIES,12238233.0
PETUN,2023/6,2BA,Finansal Borçlar,Long-Term Financial Loans,637497.0
PETUN,2023/6,2BB,Diğer Finansal Yükümlülükler,Other Short-Term Financial Liabilities,0.0
PETUN,2023/6,2BBA,Ticari Borçlar,Long-Term Trade Payables,0.0
PETUN,2023/6,2BBB,Diğer Borçlar,Other Long-Term Loans,0.0
PETUN,2023/6,2BBBA,Müşteri Söz.Doğan Yük.,nan,0.0
PETUN,2023/6,2BC,Finans Sektörü Faaliyetlerinden Borçlar,Long-Term Loans from Financial Operations,0.0
PETUN,2023/6,2BD,Devlet Teşvik ve Yardımları,Long-Term Government Promotions and Aids,0.0
PETUN,2023/6,2BDA,Ertelenmiş Gelirler (Müşteri Söz.Doğan Yük. Dış.Kal.),nan,0.0
PETUN,2023/6,2BE,Uzun vadeli karşılıklar,Long-Term Provisions,4462963.0
PETUN,2023/6,2BF,Çalışanlara Sağlanan Faydalara İliş.Karş.,Provisions for Retirment Pay,0.0
PETUN,2023/6,2BG,Ertelenmiş Vergi Yükümlülüğü,Deferred Tax Liabilities,7137772.0
PETUN,2023/6,2BH,Diğer Uzun Vadeli Yükümlülükler,Other Long-Term Liabilities,0.0
PETUN,2023/6,2N,Özkaynaklar,SHAREHOLDERS EQUITY,111552281.0
PETUN,2023/6,2O,Ana Ortaklığa Ait Özkaynaklar,Parent Shareholders Capital,111552281.0
PETUN,2023/6,2OA,Ödenmiş Sermaye,Share Capital,1675132.0
PETUN,2023/6,2OC,Karşılıklı İştirak Sermayesi Düzeltmesi (-),Adjustments to Share Capital,0.0
PETUN,2023/6,2OCA,Hisse Senedi İhraç Primleri,Premium in Excess of Par,0.0
PETUN,2023/6,2OCB,Değer Artış Fonları,Market Value Surpluses,0.0
PETUN,2023/6,2OCC,Yabancı Para Çevrim Farkları,FX Translation Differences,0.0
PETUN,2023/6,2OCD,Kardan Ayrılan Kısıtlanmış Yedekler,Income Reserves,3010081.0
PETUN,2023/6,2OCE,Geçmiş Yıllar Kar/Zararları,Retained Earnings /(Acc. Losses),19105606.0
PETUN,2023/6,2OCF,Dönem Net Kar/Zararı,Current Year Income /(Losses),3024757.0
PETUN,2023/6,2OD,Diğer Özsermaye Kalemleri,Other Sholders Equity Items,84736704.0
PETUN,2023/6,2ODA,Azınlık Payları,Minority Interests,0.0
PETUN,2023/6,2ODB,TOPLAM KAYNAKLAR,TOTAL LIABILITIES AND S.HOLDERS EQUITY,169484326.0
PETUN,2023/6,3B,Sürdürülen Faaliyetler,Continuing Operations,0.0
PETUN,2023/6,3C,Satış Gelirleri,Net Sales,163668293.0
PETUN,2023/6,3CA,Satışların Maliyeti (-),Cost Of Sales,-140067878.0
PETUN,2023/6,3CAA,Ticari Faaliyetlerden Diğer Kar (Zarar),Other Profit (Loss) from Trade Operations,0.0
PETUN,2023/6,3CAB,Ticari Faaliyetlerden Brüt Kar (Zarar),Gross Profit (Loss) from Trade Operations,23600415.0
PETUN,2023/6,3CAC,"Faiz, Ücret, Prim, Komisyon ve Diğer Gelirler","Proceeds from Interest, Fee, Premium, Commission and Other",0.0
PETUN,2023/6,3CAD,"Faiz, Ücret, Prim, Komisyon ve Diğer Giderler (-)","Expenses from Interest, Fee, Premium, Commission and Other",0.0
PETUN,2023/6,3CAE,Finans Sektörü Faaliyetlerinden Diğer Kar (Zarar),Other Profit (Loss) from Financial Operations,0.0
PETUN,2023/6,3CAF,Finans Sektörü Faaliyetlerinden Brüt Kar (Zarar),Gross Profit (Loss) from Financial Operations,0.0
PETUN,2023/6,3CB,Diğer Gelir ve Giderler,Other Income (Expenses),-1607898.0
PETUN,2023/6,3D,BRÜT KAR (ZARAR),GROSS PROFIT (LOSS),21992517.0
PETUN,2023/6,3DA,"Pazarlama, Satış ve Dağıtım Giderleri (-)",Marketing Selling & Distrib. Expenses (-),-8600684.0
PETUN,2023/6,3DB,Genel Yönetim Giderleri (-),General Administrative Expenses (-),-5935006.0
PETUN,2023/6,3DC,Araştırma ve Geliştirme Giderleri (-),Research & Development Expenses (-),-887057.0
PETUN,2023/6,3DD,Diğer Faaliyet Gelirleri,Income from Other Operations,2365948.0
PETUN,2023/6,3DE,Diğer Faaliyet Giderleri (-),Expenses from Other Operations (-),-1677125.0
PETUN,2023/6,3DEA,Faaliyet Karı Öncesi Diğer Gelir ve Giderler,Other Income (Expenses) Before Operating Profits,0.0
PETUN,2023/6,3DF,FAALİYET KARI (ZARARI),OPERATING PROFITS,7258593.0
PETUN,2023/6,3H,Net Faaliyet Kar/Zararı,Net Operating Profits,6569770.0
PETUN,2023/6,3HA,Yatırım Faaliyetlerinden Gelirler,nan,18314.0
PETUN,2023/6,3HAA,Yatırım Faaliyetlerinden Giderler (-),nan,-28320.0
PETUN,2023/6,3HAB,Diğer Gelir ve Giderler,nan,0.0
PETUN,2023/6,3HAC,Özkaynak Yöntemiyle Değerlenen Yatırımların Kar/Zararlarındaki Paylar,Profit (Loss) from Subsidiaries,-485168.0
PETUN,2023/6,3HACA,Finansman Gideri Öncesi Faaliyet Karı/Zararı,nan,6763419.0
PETUN,2023/6,3HB,(Esas Faaliyet Dışı) Finansal Gelirler,Financial Income (from Other Operations),1353697.0
PETUN,2023/6,3HC,(Esas Faaliyet Dışı) Finansal Giderler (-),Financial Expenses (from Other Operations) (-),-1242992.0
PETUN,2023/6,3HCA,Vergi Öncesi Diğer Gelir ve Giderler,Other Income (Expenses) Before Tax,-10006.0
PETUN,2023/6,3I,SÜRDÜRÜLEN FAALİYETLER VERGİ ÖNCESİ KARI (ZARARI),PROFIT BEFORE TAX FROM CONTINUING OPERATIONS,6874124.0
PETUN,2023/6,3IA,Sürdürülen Faaliyetler Vergi Geliri (Gideri),Taxation on Continuing Operations,-1722641.0
PETUN,2023/6,3IB,Dönem Vergi Geliri (Gideri),Taxation on Income (Expenses),-1654145.0
PETUN,2023/6,3IC,Ertelenmiş Vergi Geliri (Gideri),Income (Expenses) of Deferred Tax,-68496.0
PETUN,2023/6,3ID,Diğer Vergi Geliri (Gideri),Other Taxation Income (Expenses),0.0
PETUN,2023/6,3J,SÜRDÜRÜLEN FAALİYETLER DÖNEM KARI/ZARARI,PROFIT FROM CONTINUING OPERATIONS,5151482.0
PETUN,2023/6,3K,DURDURULAN FAALİYETLER,DISCONTINUED OPERATIONS,0.0
PETUN,2023/6,3KA,Durdurulan Faaliyetler Vergi Sonrası Dönem Karı (Zararı),Profit After Taxes from Discontinued Operations,0.0
PETUN,2023/6,3L,DÖNEM KARI (ZARARI),NET PROFIT AFTER TAXES,5151482.0
PETUN,2023/6,3LA,Dönem Kar/Zararının Dağılımı,Distrubition of Profit (Loss),0.0
PETUN,2023/6,3LB,Azınlık Payları,Minority Interests,0.0
PETUN,2023/6,3Z,Ana Ortaklık Payları,Parent Shares,5151482.0
PETUN,2023/6,3ZD,Hisse Başına Kazanç,Earnings per Share,0.0
PETUN,2023/6,3ZE,Seyreltilmiş Hisse Başına Kazanç,Diluted Earnings per Share,0.0
PETUN,2023/6,3ZF,Sürdürülen Faaliyetlerden Hisse Başına Kazanç,Earnings per Share from Continuing Operations,0.0
PETUN,2023/6,3ZG,Sürdürülen Faaliyetlerden Seyreltilmiş Hisse Başına Kazanç,Earnings per Share from Discontinued Operations,0.0
PETUN,2023/6,4B,Amortisman Giderleri,Depreciation & Amortization,4946497.0
PETUN,2023/6,4BA,Kıdem Tazminatı,Severance Payments,381709.0
PETUN,2023/6,4BB,Finansman Giderleri,Financial Expenses,-1242992.0
PETUN,2023/6,4BC,Yurtiçi Satışlar,Domestic Sales,172270057.0
PETUN,2023/6,4BD,Yurtdışı Satışlar,Export Sales,4015153.0
PETUN,2023/6,4BE,Net Yabancı Para Pozisyonu,Net Fx Position,1784558.0
PETUN,2023/6,4BEA,Parasal net yabancı para varlık/(yükümlülük) pozisyonu,Parasal net yabancı para varlık/(yükümlülük) pozisyonu,1748173.0
PETUN,2023/6,4BEB,Net YPP (Hedge Dahil),Net YPP (Hedge Dahil),1784558.0
PETUN,2023/6,4C,İşletme Faaliyetlerinden Kaynaklanan Net Nakit,Net Cash from Operations,-2659940.0
PETUN,2023/6,4CA,Düzeltme Öncesi Kar,Earnings Before Adjustments,4755623.0
PETUN,2023/6,4CAA,Düzeltmeler:,Adjustments:,9243166.0
PETUN,2023/6,4CAB,Amortisman & İtfa Payları,Depreciation & Amortisation,4946497.0
PETUN,2023/6,4CAC,Karşılıklardaki Değişim,Change in Provisions,418720.0
PETUN,2023/6,4CAD,Diğer Gelir/ Gider,Other Income / Expense,6211262.0
PETUN,2023/6,4CAE,İşletme Sermayesinde Değişikler Öncesi Faaliyet Karı (+),Operating Profit Before Changes in Working Capital (+),13998788.0
PETUN,2023/6,4CAF,İşletme Sermayesindeki Değişiklikler,Change in Working Capital,-13375559.0
PETUN,2023/6,4CAG,Esas Faaliyet ile İlgili Oluşan Nakit (+),Cash from Core Operations (+),623229.0
PETUN,2023/6,4CAH,Diğer İşletme Faaliyetlerinden Nakit,Cash from Other Operations,-3283169.0
PETUN,2023/6,4CAI,Sabit Sermaye Yatırımları,Capital Expenditures (CapEx),-3134804.0
PETUN,2023/6,4CAJ,Diğer Yatırım Faaliyetlerinden Nakit,Cash from Other Investment Operations,6239261.0
PETUN,2023/6,4CAK,Yatırım Faaliyetlerinden Kaynaklanan Nakit,Cash from Investment Operations,3104457.0
PETUN,2023/6,4CB,Serbest Nakit Akım,Free Cash Flow,444517.0
PETUN,2023/6,4CBA,Finansal Borçlardaki Değişim,Change in Financial Debt,12549087.0
PETUN,2023/6,4CBB,Temettü Ödemeleri,Dividends Paid,-13561903.0
PETUN,2023/6,4CBC,Sermaye Artırımı,Rights Issue,0.0
PETUN,2023/6,4CBD,Diğer Finansman Faaliyetlerinden Nakit,Cash from Other Financial Operations,-1884219.0
PETUN,2023/6,4CBE,Finansman Faaliyetlerden Kaynaklanan Nakit,Cash from Financial Operations,-2897034.0
PETUN,2023/6,4CBF,Yab. Para Çev. Fark. Etk. Önc.Nak.Ve Nak. Benz. Net Artış/Azalış,Cash Net Inc. / Dec. before For.Cur. Trans. Dif.,-3530870.0
PETUN,2023/6,4CBG,Yab.ı Para Çevrim Fark. Nakit Ve Nakit Benz. Üzerindeki Etkisi,Foreign Curr. Trans.Diff.Cash and Cash Benz. Imp.,553.0
PETUN,2023/6,4CBH,Diğer Nakit Girişi/Çıkışı,Other Cash Inflow/Outflow,0.0
PETUN,2023/6,4CBI,Nakit ve Benzerlerindeki Değişim,Change in Cash & Cash Equivalents,-3530317.0
PETUN,2023/6,4CBJ,Diğer Nakit ve Nakit Benzerlerindeki Artış,Other Cash & Cash Equivalents Change,0.0
PETUN,2023/6,4CBK,Dönem Başı Nakit Değerler,Cash at the beginning of the Quarter,5834790.0
PETUN,2023/6,4CBL,Dönem Sonu Nakit,Cash at the End of the Quarter,2304473.0
PETUN,2023/9,1A,Dönen Varlıklar,CURRENT ASSETS,55739434.0
PETUN,2023/9,1AA,Nakit ve Nakit Benzerleri,Cash and Cash Equivalents,2735917.0
PETUN,2023/9,1AB,Finansal Yatırımlar,Short-Term Financial Investments,0.0
PETUN,2023/9,1AC,Ticari Alacaklar,Short-Term Trade Receivables,28171104.0
PETUN,2023/9,1AD,Finans Sektörü Faaliyetlerinden Alacaklar,Short-Term Receivables from Financial Operations,0.0
PETUN,2023/9,1AE,Diğer Alacaklar,Short-Term Other Receivables,5734316.0
PETUN,2023/9,1AEA,Müşteri Sözleşmelerinden Doğan Varlıklar,nan,0.0
PETUN,2023/9,1AF,Stoklar,Inventories,12832896.0
PETUN,2023/9,1AG,Canlı Varlıklar,Short-Term Live Assets,4198453.0
PETUN,2023/9,1AH,Diğer Dönen Varlıklar,Other Current Assets,2066748.0
PETUN,2023/9,1AI,(Ara Toplam),(Subtotal),55739434.0
PETUN,2023/9,1AJ,Satış Amacıyla Elde Tutulan Duran Varlıklar,Assets to be Sold,0.0
PETUN,2023/9,1AK,Duran Varlıklar,LONG TERM ASSETS,112104805.0
PETUN,2023/9,1B,Ticari Alacaklar,Trade Receivables,0.0
PETUN,2023/9,1BA,Finans Sektörü Faaliyetlerinden Alacaklar,Long-Term Receivables from Financial Operations,0.0
PETUN,2023/9,1BB,Diğer Alacaklar,Other Receivables,0.0
PETUN,2023/9,1BBA,Müşteri Sözleşmelerinden Doğan Varlıklar,nan,0.0
PETUN,2023/9,1BC,Finansal Yatırımlar,Financial Investments,438466.0
PETUN,2023/9,1BD,Özkaynak Yöntemiyle Değerlenen Yatırımlar,Investments with Equity Method,34704783.0
PETUN,2023/9,1BE,Canlı Varlıklar,Long-Term Live Assets,0.0
PETUN,2023/9,1BF,Yatırım Amaçlı Gayrimenkuller,Real Estate Investments,2966763.0
PETUN,2023/9,1BFA,Stoklar,Stoklar,0.0
PETUN,2023/9,1BFAA,Kullanım Hakkı Varlıkları,nan,151396.0
PETUN,2023/9,1BG,Maddi Duran Varlıklar,Tangible Fixed Assets,73357621.0
PETUN,2023/9,1BGA,Şerefiye,Goodwill,0.0
PETUN,2023/9,1BH,Maddi Olmayan Duran Varlıklar,Intangible Fixed Assets,466583.0
PETUN,2023/9,1BJ,Ertelenmiş Vergi Varlığı,Long Term Deffered Tax Assets,0.0
PETUN,2023/9,1BK,Diğer Duran Varlıklar,Other Long-Term Assets,19192.0
PETUN,2023/9,1BL,TOPLAM VARLIKLAR,TOTAL ASSETS,167844239.0
PETUN,2023/9,1BM,KAYNAKLAR,LIABILITIES,0.0
PETUN,2023/9,2A,Kısa Vadeli Yükümlülükler,SHORT TERM LIABILITIES,50252536.0
PETUN,2023/9,2AA,Finansal Borçlar,Short-Term Financial Loans,19460841.0
PETUN,2023/9,2AAG,Diğer Finansal Yükümlülükler,Other Short-Term Financial Liabilities,1212479.0
PETUN,2023/9,2AAGAA,Ticari Borçlar,Short-Term Trade Payables,26723045.0
PETUN,2023/9,2AAGAB,Diğer Borçlar,Other Short-Term Loans,1741982.0
PETUN,2023/9,2AAGAC,Müşteri Söz. Doğan Yük.,nan,0.0
PETUN,2023/9,2AAGB,Finans Sektörü Faaliyetlerinden Borçlar,Short-Term Loans from Financial Operations,0.0
PETUN,2023/9,2AAGC,Devlet Teşvik ve Yardımları,Short-Term Government Promotions and Aids,0.0
PETUN,2023/9,2AAGCA,Ertelenmiş Gelirler (Müşteri Söz. Doğan Yük. Dış.Kal.),nan,78594.0
PETUN,2023/9,2AAGD,Dönem Karı Vergi Yükümlülüğü,Taxation Liabilities on Income (-),171864.0
PETUN,2023/9,2AAGE,Borç Karşılıkları,Short-Term Provisions,67035.0
PETUN,2023/9,2AAGF,Diğer Kısa Vadeli Yükümlülükler,Other Short-Term Liabilities,796697.0
PETUN,2023/9,2AAGG,(Ara Toplam),(Subtotal),50252536.0
PETUN,2023/9,2AAGH,Satış Amaçlı Elde Tutulan Duran Varlıklara İlişkin Yükümlülükler,Liabilities on Assets to be Sold,0.0
PETUN,2023/9,2B,Uzun Vadeli Yükümlülükler,LONG TERM LIABILITIES,11374510.0
PETUN,2023/9,2BA,Finansal Borçlar,Long-Term Financial Loans,469080.0
PETUN,2023/9,2BB,Diğer Finansal Yükümlülükler,Other Short-Term Financial Liabilities,0.0
PETUN,2023/9,2BBA,Ticari Borçlar,Long-Term Trade Payables,0.0
PETUN,2023/9,2BBB,Diğer Borçlar,Other Long-Term Loans,0.0
PETUN,2023/9,2BBBA,Müşteri Söz.Doğan Yük.,nan,0.0
PETUN,2023/9,2BC,Finans Sektörü Faaliyetlerinden Borçlar,Long-Term Loans from Financial Operations,0.0
PETUN,2023/9,2BD,Devlet Teşvik ve Yardımları,Long-Term Government Promotions and Aids,0.0
PETUN,2023/9,2BDA,Ertelenmiş Gelirler (Müşteri Söz.Doğan Yük. Dış.Kal.),nan,0.0
PETUN,2023/9,2BE,Uzun vadeli karşılıklar,Long-Term Provisions,4373015.0
PETUN,2023/9,2BF,Çalışanlara Sağlanan Faydalara İliş.Karş.,Provisions for Retirment Pay,0.0
PETUN,2023/9,2BG,Ertelenmiş Vergi Yükümlülüğü,Deferred Tax Liabilities,6532416.0
PETUN,2023/9,2BH,Diğer Uzun Vadeli Yükümlülükler,Other Long-Term Liabilities,0.0
PETUN,2023/9,2N,Özkaynaklar,SHAREHOLDERS EQUITY,106217193.0
PETUN,2023/9,2O,Ana Ortaklığa Ait Özkaynaklar,Parent Shareholders Capital,106217193.0
PETUN,2023/9,2OA,Ödenmiş Sermaye,Share Capital,1580070.0
PETUN,2023/9,2OC,Karşılıklı İştirak Sermayesi Düzeltmesi (-),Adjustments to Share Capital,0.0
PETUN,2023/9,2OCA,Hisse Senedi İhraç Primleri,Premium in Excess of Par,0.0
PETUN,2023/9,2OCB,Değer Artış Fonları,Market Value Surpluses,0.0
PETUN,2023/9,2OCC,Yabancı Para Çevrim Farkları,FX Translation Differences,0.0
PETUN,2023/9,2OCD,Kardan Ayrılan Kısıtlanmış Yedekler,Income Reserves,2839262.0
PETUN,2023/9,2OCE,Geçmiş Yıllar Kar/Zararları,Retained Earnings /(Acc. Losses),18282239.0
PETUN,2023/9,2OCF,Dönem Net Kar/Zararı,Current Year Income /(Losses),4453364.0
PETUN,2023/9,2OD,Diğer Özsermaye Kalemleri,Other Sholders Equity Items,79062258.0
PETUN,2023/9,2ODA,Azınlık Payları,Minority Interests,0.0
PETUN,2023/9,2ODB,TOPLAM KAYNAKLAR,TOTAL LIABILITIES AND S.HOLDERS EQUITY,167844239.0
PETUN,2023/9,3B,Sürdürülen Faaliyetler,Continuing Operations,0.0
PETUN,2023/9,3C,Satış Gelirleri,Net Sales,232833437.0
PETUN,2023/9,3CA,Satışların Maliyeti (-),Cost Of Sales,-204065446.0
PETUN,2023/9,3CAA,Ticari Faaliyetlerden Diğer Kar (Zarar),Other Profit (Loss) from Trade Operations,0.0
PETUN,2023/9,3CAB,Ticari Faaliyetlerden Brüt Kar (Zarar),Gross Profit (Loss) from Trade Operations,28767991.0
PETUN,2023/9,3CAC,"Faiz, Ücret, Prim, Komisyon ve Diğer Gelirler","Proceeds from Interest, Fee, Premium, Commission and Other",0.0
PETUN,2023/9,3CAD,"Faiz, Ücret, Prim, Komisyon ve Diğer Giderler (-)","Expenses from Interest, Fee, Premium, Commission and Other",0.0
PETUN,2023/9,3CAE,Finans Sektörü Faaliyetlerinden Diğer Kar (Zarar),Other Profit (Loss) from Financial Operations,0.0
PETUN,2023/9,3CAF,Finans Sektörü Faaliyetlerinden Brüt Kar (Zarar),Gross Profit (Loss) from Financial Operations,0.0
PETUN,2023/9,3CB,Diğer Gelir ve Giderler,Other Income (Expenses),-3719415.0
PETUN,2023/9,3D,BRÜT KAR (ZARAR),GROSS PROFIT (LOSS),25048576.0
PETUN,2023/9,3DA,"Pazarlama, Satış ve Dağıtım Giderleri (-)",Marketing Selling & Distrib. Expenses (-),-10993129.0
PETUN,2023/9,3DB,Genel Yönetim Giderleri (-),General Administrative Expenses (-),-8466355.0
PETUN,2023/9,3DC,Araştırma ve Geliştirme Giderleri (-),Research & Development Expenses (-),-1259289.0
PETUN,2023/9,3DD,Diğer Faaliyet Gelirleri,Income from Other Operations,2877946.0
PETUN,2023/9,3DE,Diğer Faaliyet Giderleri (-),Expenses from Other Operations (-),-3213379.0
PETUN,2023/9,3DEA,Faaliyet Karı Öncesi Diğer Gelir ve Giderler,Other Income (Expenses) Before Operating Profits,0.0
PETUN,2023/9,3DF,FAALİYET KARI (ZARARI),OPERATING PROFITS,3994371.0
PETUN,2023/9,3H,Net Faaliyet Kar/Zararı,Net Operating Profits,4329804.0
PETUN,2023/9,3HA,Yatırım Faaliyetlerinden Gelirler,nan,74396.0
PETUN,2023/9,3HAA,Yatırım Faaliyetlerinden Giderler (-),nan,-25260.0
PETUN,2023/9,3HAB,Diğer Gelir ve Giderler,nan,0.0
PETUN,2023/9,3HAC,Özkaynak Yöntemiyle Değerlenen Yatırımların Kar/Zararlarındaki Paylar,Profit (Loss) from Subsidiaries,-2652329.0
PETUN,2023/9,3HACA,Finansman Gideri Öncesi Faaliyet Karı/Zararı,nan,1391177.0
PETUN,2023/9,3HB,(Esas Faaliyet Dışı) Finansal Gelirler,Financial Income (from Other Operations),1993678.0
PETUN,2023/9,3HC,(Esas Faaliyet Dışı) Finansal Giderler (-),Financial Expenses (from Other Operations) (-),1923579.0
PETUN,2023/9,3HCA,Vergi Öncesi Diğer Gelir ve Giderler,Other Income (Expenses) Before Tax,49135.0
PETUN,2023/9,3I,SÜRDÜRÜLEN FAALİYETLER VERGİ ÖNCESİ KARI (ZARARI),PROFIT BEFORE TAX FROM CONTINUING OPERATIONS,5308434.0
PETUN,2023/9,3IA,Sürdürülen Faaliyetler Vergi Geliri (Gideri),Taxation on Continuing Operations,-2699590.0
PETUN,2023/9,3IB,Dönem Vergi Geliri (Gideri),Taxation on Income (Expenses),-1758968.0
PETUN,2023/9,3IC,Ertelenmiş Vergi Geliri (Gideri),Income (Expenses) of Deferred Tax,-940622.0
PETUN,2023/9,3ID,Diğer Vergi Geliri (Gideri),Other Taxation Income (Expenses),0.0
PETUN,2023/9,3J,SÜRDÜRÜLEN FAALİYETLER DÖNEM KARI/ZARARI,PROFIT FROM CONTINUING OPERATIONS,2608843.0
PETUN,2023/9,3K,DURDURULAN FAALİYETLER,DISCONTINUED OPERATIONS,0.0
PETUN,2023/9,3KA,Durdurulan Faaliyetler Vergi Sonrası Dönem Karı (Zararı),Profit After Taxes from Discontinued Operations,0.0
PETUN,2023/9,3L,DÖNEM KARI (ZARARI),NET PROFIT AFTER TAXES,2608843.0
PETUN,2023/9,3LA,Dönem Kar/Zararının Dağılımı,Distrubition of Profit (Loss),0.0
PETUN,2023/9,3LB,Azınlık Payları,Minority Interests,0.0
PETUN,2023/9,3Z,Ana Ortaklık Payları,Parent Shares,2608843.0
PETUN,2023/9,3ZD,Hisse Başına Kazanç,Earnings per Share,0.0
PETUN,2023/9,3ZE,Seyreltilmiş Hisse Başına Kazanç,Diluted Earnings per Share,0.0
PETUN,2023/9,3ZF,Sürdürülen Faaliyetlerden Hisse Başına Kazanç,Earnings per Share from Continuing Operations,0.0
PETUN,2023/9,3ZG,Sürdürülen Faaliyetlerden Seyreltilmiş Hisse Başına Kazanç,Earnings per Share from Discontinued Operations,0.0
PETUN,2023/9,4B,Amortisman Giderleri,Depreciation & Amortization,6740847.0
PETUN,2023/9,4BA,Kıdem Tazminatı,Severance Payments,522336.0
PETUN,2023/9,4BB,Finansman Giderleri,Financial Expenses,1923579.0
PETUN,2023/9,4BC,Yurtiçi Satışlar,Domestic Sales,265034319.0
PETUN,2023/9,4BD,Yurtdışı Satışlar,Export Sales,2038029.0
PETUN,2023/9,4BE,Net Yabancı Para Pozisyonu,Net Fx Position,2060882.0
PETUN,2023/9,4BEA,Parasal net yabancı para varlık/(yükümlülük) pozisyonu,Parasal net yabancı para varlık/(yükümlülük) pozisyonu,2042359.0
PETUN,2023/9,4BEB,Net YPP (Hedge Dahil),Net YPP (Hedge Dahil),2060882.0
PETUN,2023/9,4C,İşletme Faaliyetlerinden Kaynaklanan Net Nakit,Net Cash from Operations,3994439.0
PETUN,2023/9,4CA,Düzeltme Öncesi Kar,Earnings Before Adjustments,2608843.0
PETUN,2023/9,4CAA,Düzeltmeler:,Adjustments:,7238110.0
PETUN,2023/9,4CAB,Amortisman & İtfa Payları,Depreciation & Amortisation,6740847.0
PETUN,2023/9,4CAC,Karşılıklardaki Değişim,Change in Provisions,554210.0
PETUN,2023/9,4CAD,Diğer Gelir/ Gider,Other Income / Expense,13179991.0
PETUN,2023/9,4CAE,İşletme Sermayesinde Değişikler Öncesi Faaliyet Karı (+),Operating Profit Before Changes in Working Capital (+),9846953.0
PETUN,2023/9,4CAF,İşletme Sermayesindeki Değişiklikler,Change in Working Capital,-658400.0
PETUN,2023/9,4CAG,Esas Faaliyet ile İlgili Oluşan Nakit (+),Cash from Core Operations (+),9188553.0
PETUN,2023/9,4CAH,Diğer İşletme Faaliyetlerinden Nakit,Cash from Other Operations,-5194115.0
PETUN,2023/9,4CAI,Sabit Sermaye Yatırımları,Capital Expenditures (CapEx),-5414007.0
PETUN,2023/9,4CAJ,Diğer Yatırım Faaliyetlerinden Nakit,Cash from Other Investment Operations,4403410.0
PETUN,2023/9,4CAK,Yatırım Faaliyetlerinden Kaynaklanan Nakit,Cash from Investment Operations,-1010596.0
PETUN,2023/9,4CB,Serbest Nakit Akım,Free Cash Flow,2983842.0
PETUN,2023/9,4CBA,Finansal Borçlardaki Değişim,Change in Financial Debt,11259905.0
PETUN,2023/9,4CBB,Temettü Ödemeleri,Dividends Paid,-10530959.0
PETUN,2023/9,4CBC,Sermaye Artırımı,Rights Issue,0.0
PETUN,2023/9,4CBD,Diğer Finansman Faaliyetlerinden Nakit,Cash from Other Financial Operations,-2499836.0
PETUN,2023/9,4CBE,Finansman Faaliyetlerden Kaynaklanan Nakit,Cash from Financial Operations,-1770890.0
PETUN,2023/9,4CBF,Yab. Para Çev. Fark. Etk. Önc.Nak.Ve Nak. Benz. Net Artış/Azalış,Cash Net Inc. / Dec. before For.Cur. Trans. Dif.,-619724.0
PETUN,2023/9,4CBG,Yab.ı Para Çevrim Fark. Nakit Ve Nakit Benz. Üzerindeki Etkisi,Foreign Curr. Trans.Diff.Cash and Cash Benz. Imp.,452.0
PETUN,2023/9,4CBH,Diğer Nakit Girişi/Çıkışı,Other Cash Inflow/Outflow,0.0
PETUN,2023/9,4CBI,Nakit ve Benzerlerindeki Değişim,Change in Cash & Cash Equivalents,-619272.0
PETUN,2023/9,4CBJ,Diğer Nakit ve Nakit Benzerlerindeki Artış,Other Cash & Cash Equivalents Change,0.0
PETUN,2023/9,4CBK,Dönem Başı Nakit Değerler,Cash at the beginning of the Quarter,5668673.0
PETUN,2023/9,4CBL,Dönem Sonu Nakit,Cash at the End of the Quarter,5049401.0
PETUN,2024/12,1A,Dönen Varlıklar,CURRENT ASSETS,109252369.0
PETUN,2024/12,1AA,Nakit ve Nakit Benzerleri,Cash and Cash Equivalents,4710625.0
PETUN,2024/12,1AB,Finansal Yatırımlar,Short-Term Financial Investments,0.0
PETUN,2024/12,1AC,Ticari Alacaklar,Short-Term Trade Receivables,44176746.0
PETUN,2024/12,1AD,Finans Sektörü Faaliyetlerinden Alacaklar,Short-Term Receivables from Financial Operations,0.0
PETUN,2024/12,1AE,Diğer Alacaklar,Short-Term Other Receivables,25960727.0
PETUN,2024/12,1AEA,Müşteri Sözleşmelerinden Doğan Varlıklar,nan,0.0
PETUN,2024/12,1AF,Stoklar,Inventories,23920808.0
PETUN,2024/12,1AG,Canlı Varlıklar,Short-Term Live Assets,7943118.0
PETUN,2024/12,1AH,Diğer Dönen Varlıklar,Other Current Assets,2540344.0
PETUN,2024/12,1AI,(Ara Toplam),(Subtotal),109252369.0
PETUN,2024/12,1AJ,Satış Amacıyla Elde Tutulan Duran Varlıklar,Assets to be Sold,0.0
PETUN,2024/12,1AK,Duran Varlıklar,LONG TERM ASSETS,265308347.0
PETUN,2024/12,1B,Ticari Alacaklar,Trade Receivables,0.0
PETUN,2024/12,1BA,Finans Sektörü Faaliyetlerinden Alacaklar,Long-Term Receivables from Financial Operations,0.0
PETUN,2024/12,1BB,Diğer Alacaklar,Other Receivables,0.0
PETUN,2024/12,1BBA,Müşteri Sözleşmelerinden Doğan Varlıklar,nan,0.0
PETUN,2024/12,1BC,Finansal Yatırımlar,Financial Investments,8794487.0
PETUN,2024/12,1BD,Özkaynak Yöntemiyle Değerlenen Yatırımlar,Investments with Equity Method,47253343.0
PETUN,2024/12,1BE,Canlı Varlıklar,Long-Term Live Assets,0.0
PETUN,2024/12,1BF,Yatırım Amaçlı Gayrimenkuller,Real Estate Investments,9038103.0
PETUN,2024/12,1BFA,Stoklar,Stoklar,0.0
PETUN,2024/12,1BFAA,Kullanım Hakkı Varlıkları,nan,1033564.0
PETUN,2024/12,1BG,Maddi Duran Varlıklar,Tangible Fixed Assets,198380351.0
PETUN,2024/12,1BGA,Şerefiye,Goodwill,0.0
PETUN,2024/12,1BH,Maddi Olmayan Duran Varlıklar,Intangible Fixed Assets,793258.0
PETUN,2024/12,1BJ,Ertelenmiş Vergi Varlığı,Long Term Deffered Tax Assets,0.0
PETUN,2024/12,1BK,Diğer Duran Varlıklar,Other Long-Term Assets,15241.0
PETUN,2024/12,1BL,TOPLAM VARLIKLAR,TOTAL ASSETS,374560716.0
PETUN,2024/12,1BM,KAYNAKLAR,LIABILITIES,0.0
PETUN,2024/12,2A,Kısa Vadeli Yükümlülükler,SHORT TERM LIABILITIES,97507218.0
PETUN,2024/12,2AA,Finansal Borçlar,Short-Term Financial Loans,53357459.0
PETUN,2024/12,2AAG,Diğer Finansal Yükümlülükler,Other Short-Term Financial Liabilities,1351607.0
PETUN,2024/12,2AAGAA,Ticari Borçlar,Short-Term Trade Payables,37152818.0
PETUN,2024/12,2AAGAB,Diğer Borçlar,Other Short-Term Loans,2149886.0
PETUN,2024/12,2AAGAC,Müşteri Söz. Doğan Yük.,nan,0.0
PETUN,2024/12,2AAGB,Finans Sektörü Faaliyetlerinden Borçlar,Short-Term Loans from Financial Operations,0.0
PETUN,2024/12,2AAGC,Devlet Teşvik ve Yardımları,Short-Term Government Promotions and Aids,0.0
PETUN,2024/12,2AAGCA,Ertelenmiş Gelirler (Müşteri Söz. Doğan Yük. Dış.Kal.),nan,80335.0
PETUN,2024/12,2AAGD,Dönem Karı Vergi Yükümlülüğü,Taxation Liabilities on Income (-),986962.0
PETUN,2024/12,2AAGE,Borç Karşılıkları,Short-Term Provisions,1388471.0
PETUN,2024/12,2AAGF,Diğer Kısa Vadeli Yükümlülükler,Other Short-Term Liabilities,1039681.0
PETUN,2024/12,2AAGG,(Ara Toplam),(Subtotal),97507218.0
PETUN,2024/12,2AAGH,Satış Amaçlı Elde Tutulan Duran Varlıklara İlişkin Yükümlülükler,Liabilities on Assets to be Sold,0.0
PETUN,2024/12,2B,Uzun Vadeli Yükümlülükler,LONG TERM LIABILITIES,39118437.0
PETUN,2024/12,2BA,Finansal Borçlar,Long-Term Financial Loans,288154.0
PETUN,2024/12,2BB,Diğer Finansal Yükümlülükler,Other Short-Term Financial Liabilities,0.0
PETUN,2024/12,2BBA,Ticari Borçlar,Long-Term Trade Payables,5992972.0
PETUN,2024/12,2BBB,Diğer Borçlar,Other Long-Term Loans,0.0
PETUN,2024/12,2BBBA,Müşteri Söz.Doğan Yük.,nan,0.0
PETUN,2024/12,2BC,Finans Sektörü Faaliyetlerinden Borçlar,Long-Term Loans from Financial Operations,0.0
PETUN,2024/12,2BD,Devlet Teşvik ve Yardımları,Long-Term Government Promotions and Aids,0.0
PETUN,2024/12,2BDA,Ertelenmiş Gelirler (Müşteri Söz.Doğan Yük. Dış.Kal.),nan,0.0
PETUN,2024/12,2BE,Uzun vadeli karşılıklar,Long-Term Provisions,6654739.0
PETUN,2024/12,2BF,Çalışanlara Sağlanan Faydalara İliş.Karş.,Provisions for Retirment Pay,0.0
PETUN,2024/12,2BG,Ertelenmiş Vergi Yükümlülüğü,Deferred Tax Liabilities,26182572.0
PETUN,2024/12,2BH,Diğer Uzun Vadeli Yükümlülükler,Other Long-Term Liabilities,0.0
PETUN,2024/12,2N,Özkaynaklar,SHAREHOLDERS EQUITY,237935061.0
PETUN,2024/12,2O,Ana Ortaklığa Ait Özkaynaklar,Parent Shareholders Capital,237935061.0
PETUN,2024/12,2OA,Ödenmiş Sermaye,Share Capital,8582693.0
PETUN,2024/12,2OC,Karşılıklı İştirak Sermayesi Düzeltmesi (-),Adjustments to Share Capital,0.0
PETUN,2024/12,2OCA,Hisse Senedi İhraç Primleri,Premium in Excess of Par,0.0
PETUN,2024/12,2OCB,Değer Artış Fonları,Market Value Surpluses,0.0
PETUN,2024/12,2OCC,Yabancı Para Çevrim Farkları,FX Translation Differences,0.0
PETUN,2024/12,2OCD,Kardan Ayrılan Kısıtlanmış Yedekler,Income Reserves,25000292.0
PETUN,2024/12,2OCE,Geçmiş Yıllar Kar/Zararları,Retained Earnings /(Acc. Losses),81919675.0
PETUN,2024/12,2OCF,Dönem Net Kar/Zararı,Current Year Income /(Losses),82603.0
PETUN,2024/12,2OD,Diğer Özsermaye Kalemleri,Other Sholders Equity Items,120167254.0
PETUN,2024/12,2ODA,Azınlık Payları,Minority Interests,0.0
PETUN,2024/12,2ODB,TOPLAM KAYNAKLAR,TOTAL LIABILITIES AND S.HOLDERS EQUITY,374560716.0
PETUN,2024/12,3B,Sürdürülen Faaliyetler,Continuing Operations,0.0
PETUN,2024/12,3C,Satış Gelirleri,Net Sales,308560287.0
PETUN,2024/12,3CA,Satışların Maliyeti (-),Cost Of Sales,-249405979.0
PETUN,2024/12,3CAA,Ticari Faaliyetlerden Diğer Kar (Zarar),Other Profit (Loss) from Trade Operations,0.0
PETUN,2024/12,3CAB,Ticari Faaliyetlerden Brüt Kar (Zarar),Gross Profit (Loss) from Trade Operations,59154308.0
PETUN,2024/12,3CAC,"Faiz, Ücret, Prim, Komisyon ve Diğer Gelirler","Proceeds from Interest, Fee, Premium, Commission and Other",0.0
PETUN,2024/12,3CAD,"Faiz, Ücret, Prim, Komisyon ve Diğer Giderler (-)","Expenses from Interest, Fee, Premium, Commission and Other",0.0
PETUN,2024/12,3CAE,Finans Sektörü Faaliyetlerinden Diğer Kar (Zarar),Other Profit (Loss) from Financial Operations,0.0
PETUN,2024/12,3CAF,Finans Sektörü Faaliyetlerinden Brüt Kar (Zarar),Gross Profit (Loss) from Financial Operations,0.0
PETUN,2024/12,3CB,Diğer Gelir ve Giderler,Other Income (Expenses),-2097512.0
PETUN,2024/12,3D,BRÜT KAR (ZARAR),GROSS PROFIT (LOSS),57056796.0
PETUN,2024/12,3DA,"Pazarlama, Satış ve Dağıtım Giderleri (-)",Marketing Selling & Distrib. Expenses (-),-20676306.0
PETUN,2024/12,3DB,Genel Yönetim Giderleri (-),General Administrative Expenses (-),-11505379.0
PETUN,2024/12,3DC,Araştırma ve Geliştirme Giderleri (-),Research & Development Expenses (-),-1651528.0
PETUN,2024/12,3DD,Diğer Faaliyet Gelirleri,Income from Other Operations,5249054.0
PETUN,2024/12,3DE,Diğer Faaliyet Giderleri (-),Expenses from Other Operations (-),-2735164.0
PETUN,2024/12,3DEA,Faaliyet Karı Öncesi Diğer Gelir ve Giderler,Other Income (Expenses) Before Operating Profits,0.0
PETUN,2024/12,3DF,FAALİYET KARI (ZARARI),OPERATING PROFITS,25737473.0
PETUN,2024/12,3H,Net Faaliyet Kar/Zararı,Net Operating Profits,23223583.0
PETUN,2024/12,3HA,Yatırım Faaliyetlerinden Gelirler,nan,22050.0
PETUN,2024/12,3HAA,Yatırım Faaliyetlerinden Giderler (-),nan,-540929.0
PETUN,2024/12,3HAB,Diğer Gelir ve Giderler,nan,0.0
PETUN,2024/12,3HAC,Özkaynak Yöntemiyle Değerlenen Yatırımların Kar/Zararlarındaki Paylar,Profit (Loss) from Subsidiaries,-13808831.0
PETUN,2024/12,3HACA,Finansman Gideri Öncesi Faaliyet Karı/Zararı,nan,11409764.0
PETUN,2024/12,3HB,(Esas Faaliyet Dışı) Finansal Gelirler,Financial Income (from Other Operations),6471792.0
PETUN,2024/12,3HC,(Esas Faaliyet Dışı) Finansal Giderler (-),Financial Expenses (from Other Operations) (-),-11516696.0
PETUN,2024/12,3HCA,Vergi Öncesi Diğer Gelir ve Giderler,Other Income (Expenses) Before Tax,-518878.0
PETUN,2024/12,3I,SÜRDÜRÜLEN FAALİYETLER VERGİ ÖNCESİ KARI (ZARARI),PROFIT BEFORE TAX FROM CONTINUING OPERATIONS,6364860.0
PETUN,2024/12,3IA,Sürdürülen Faaliyetler Vergi Geliri (Gideri),Taxation on Continuing Operations,-6276049.0
PETUN,2024/12,3IB,Dönem Vergi Geliri (Gideri),Taxation on Income (Expenses),-5186717.0
PETUN,2024/12,3IC,Ertelenmiş Vergi Geliri (Gideri),Income (Expenses) of Deferred Tax,-1089332.0
PETUN,2024/12,3ID,Diğer Vergi Geliri (Gideri),Other Taxation Income (Expenses),0.0
PETUN,2024/12,3J,SÜRDÜRÜLEN FAALİYETLER DÖNEM KARI/ZARARI,PROFIT FROM CONTINUING OPERATIONS,88811.0
PETUN,2024/12,3KA,Durdurulan Faaliyetler Vergi Sonrası Dönem Karı (Zararı),Profit After Taxes from Discontinued Operations,0.0
PETUN,2024/12,3L,DÖNEM KARI (ZARARI),NET PROFIT AFTER TAXES,88811.0
PETUN,2024/12,3LB,Azınlık Payları,Minority Interests,0.0
PETUN,2024/12,3Z,Ana Ortaklık Payları,Parent Shares,88811.0
PETUN,2024/12,3ZD,Hisse Başına Kazanç,Earnings per Share,0.0
PETUN,2024/12,3ZE,Seyreltilmiş Hisse Başına Kazanç,Diluted Earnings per Share,0.0
PETUN,2024/12,3ZF,Sürdürülen Faaliyetlerden Hisse Başına Kazanç,Earnings per Share from Continuing Operations,0.0
PETUN,2024/12,3ZG,Sürdürülen Faaliyetlerden Seyreltilmiş Hisse Başına Kazanç,Earnings per Share from Discontinued Operations,0.0
PETUN,2024/12,4B,Amortisman Giderleri,Depreciation & Amortization,8251321.0
PETUN,2024/12,4BA,Kıdem Tazminatı,Severance Payments,852464.0
PETUN,2024/12,4BB,Finansman Giderleri,Financial Expenses,-11516696.0
PETUN,2024/12,4BC,Yurtiçi Satışlar,Domestic Sales,349370333.0
PETUN,2024/12,4BD,Yurtdışı Satışlar,Export Sales,6714870.0
PETUN,2024/12,4BE,Net Yabancı Para Pozisyonu,Net Fx Position,-10331567.0
PETUN,2024/12,4BEA,Parasal net yabancı para varlık/(yükümlülük) pozisyonu,Parasal net yabancı para varlık/(yükümlülük) pozisyonu,-10331567.0
PETUN,2024/12,4BEB,Net YPP (Hedge Dahil),Net YPP (Hedge Dahil),-10331567.0
PETUN,2024/12,4C,İşletme Faaliyetlerinden Kaynaklanan Net Nakit,Net Cash from Operations,22861304.0
PETUN,2024/12,4CA,Düzeltme Öncesi Kar,Earnings Before Adjustments,88811.0
PETUN,2024/12,4CAA,Düzeltmeler:,Adjustments:,37996841.0
PETUN,2024/12,4CAB,Amortisman & İtfa Payları,Depreciation & Amortisation,8251321.0
PETUN,2024/12,4CAC,Karşılıklardaki Değişim,Change in Provisions,2018996.0
PETUN,2024/12,4CAD,Diğer Gelir/ Gider,Other Income / Expense,37901851.0
PETUN,2024/12,4CAE,İşletme Sermayesinde Değişikler Öncesi Faaliyet Karı (+),Operating Profit Before Changes in Working Capital (+),38085652.0
PETUN,2024/12,4CAF,İşletme Sermayesindeki Değişiklikler,Change in Working Capital,-9457145.0
PETUN,2024/12,4CAG,Esas Faaliyet ile İlgili Oluşan Nakit (+),Cash from Core Operations (+),28628507.0
PETUN,2024/12,4CAH,Diğer İşletme Faaliyetlerinden Nakit,Cash from Other Operations,-5767202.0
PETUN,2024/12,4CAI,Sabit Sermaye Yatırımları,Capital Expenditures (CapEx),-16751744.0
PETUN,2024/12,4CAJ,Diğer Yatırım Faaliyetlerinden Nakit,Cash from Other Investment Operations,-26435786.0
PETUN,2024/12,4CAK,Yatırım Faaliyetlerinden Kaynaklanan Nakit,Cash from Investment Operations,-43187530.0
PETUN,2024/12,4CB,Serbest Nakit Akım,Free Cash Flow,-20326226.0
PETUN,2024/12,4CBA,Finansal Borçlardaki Değişim,Change in Financial Debt,37593081.0
PETUN,2024/12,4CBB,Temettü Ödemeleri,Dividends Paid,-4357416.0
PETUN,2024/12,4CBC,Sermaye Artırımı,Rights Issue,0.0
PETUN,2024/12,4CBD,Diğer Finansman Faaliyetlerinden Nakit,Cash from Other Financial Operations,-9146093.0
PETUN,2024/12,4CBE,Finansman Faaliyetlerden Kaynaklanan Nakit,Cash from Financial Operations,24089572.0
PETUN,2024/12,4CBF,Yab. Para Çev. Fark. Etk. Önc.Nak.Ve Nak. Benz. Net Artış/Azalış,Cash Net Inc. / Dec. before For.Cur. Trans. Dif.,2064143.0
PETUN,2024/12,4CBG,Yab.ı Para Çevrim Fark. Nakit Ve Nakit Benz. Üzerindeki Etkisi,Foreign Curr. Trans.Diff.Cash and Cash Benz. Imp.,530.0
PETUN,2024/12,4CBH,Diğer Nakit Girişi/Çıkışı,Other Cash Inflow/Outflow,0.0
PETUN,2024/12,4CBI,Nakit ve Benzerlerindeki Değişim,Change in Cash & Cash Equivalents,2064673.0
PETUN,2024/12,4CBJ,Diğer Nakit ve Nakit Benzerlerindeki Artış,Other Cash & Cash Equivalents Change,0.0
PETUN,2024/12,4CBK,Dönem Başı Nakit Değerler,Cash at the beginning of the Quarter,2999978.0
PETUN,2024/12,4CBL,Dönem Sonu Nakit,Cash at the End of the Quarter,5064652.0
PETUN,2024/3,1A,Dönen Varlıklar,CURRENT ASSETS,66921216.0
PETUN,2024/3,1AA,Nakit ve Nakit Benzerleri,Cash and Cash Equivalents,5073537.0
PETUN,2024/3,1AB,Finansal Yatırımlar,Short-Term Financial Investments,0.0
PETUN,2024/3,1AC,Ticari Alacaklar,Short-Term Trade Receivables,30076553.0
PETUN,2024/3,1AD,Finans Sektörü Faaliyetlerinden Alacaklar,Short-Term Receivables from Financial Operations,0.0
PETUN,2024/3,1AE,Diğer Alacaklar,Short-Term Other Receivables,5570076.0
PETUN,2024/3,1AEA,Müşteri Sözleşmelerinden Doğan Varlıklar,nan,0.0
PETUN,2024/3,1AF,Stoklar,Inventories,18048473.0
PETUN,2024/3,1AG,Canlı Varlıklar,Short-Term Live Assets,5479029.0
PETUN,2024/3,1AH,Diğer Dönen Varlıklar,Other Current Assets,2673549.0
PETUN,2024/3,1AI,(Ara Toplam),(Subtotal),66921216.0
PETUN,2024/3,1AJ,Satış Amacıyla Elde Tutulan Duran Varlıklar,Assets to be Sold,0.0
PETUN,2024/3,1AK,Duran Varlıklar,LONG TERM ASSETS,182517705.0
PETUN,2024/3,1B,Ticari Alacaklar,Trade Receivables,0.0
PETUN,2024/3,1BA,Finans Sektörü Faaliyetlerinden Alacaklar,Long-Term Receivables from Financial Operations,0.0
PETUN,2024/3,1BB,Diğer Alacaklar,Other Receivables,0.0
PETUN,2024/3,1BBA,Müşteri Sözleşmelerinden Doğan Varlıklar,nan,0.0
PETUN,2024/3,1BC,Finansal Yatırımlar,Financial Investments,3334760.0
PETUN,2024/3,1BD,Özkaynak Yöntemiyle Değerlenen Yatırımlar,Investments with Equity Method,40528852.0
PETUN,2024/3,1BE,Canlı Varlıklar,Long-Term Live Assets,0.0
PETUN,2024/3,1BF,Yatırım Amaçlı Gayrimenkuller,Real Estate Investments,6624494.0
PETUN,2024/3,1BFA,Stoklar,Stoklar,0.0
PETUN,2024/3,1BFAA,Kullanım Hakkı Varlıkları,nan,1181425.0
PETUN,2024/3,1BG,Maddi Duran Varlıklar,Tangible Fixed Assets,129985905.0
PETUN,2024/3,1BGA,Şerefiye,Goodwill,0.0
PETUN,2024/3,1BH,Maddi Olmayan Duran Varlıklar,Intangible Fixed Assets,852423.0
PETUN,2024/3,1BJ,Ertelenmiş Vergi Varlığı,Long Term Deffered Tax Assets,0.0
PETUN,2024/3,1BK,Diğer Duran Varlıklar,Other Long-Term Assets,9846.0
PETUN,2024/3,1BL,TOPLAM VARLIKLAR,TOTAL ASSETS,249438921.0
PETUN,2024/3,1BM,KAYNAKLAR,LIABILITIES,0.0
PETUN,2024/3,2A,Kısa Vadeli Yükümlülükler,SHORT TERM LIABILITIES,61325745.0
PETUN,2024/3,2AA,Finansal Borçlar,Short-Term Financial Loans,24911471.0
PETUN,2024/3,2AAG,Diğer Finansal Yükümlülükler,Other Short-Term Financial Liabilities,1495531.0
PETUN,2024/3,2AAGAA,Ticari Borçlar,Short-Term Trade Payables,29459934.0
PETUN,2024/3,2AAGAB,Diğer Borçlar,Other Short-Term Loans,2162603.0
PETUN,2024/3,2AAGAC,Müşteri Söz. Doğan Yük.,nan,0.0
PETUN,2024/3,2AAGB,Finans Sektörü Faaliyetlerinden Borçlar,Short-Term Loans from Financial Operations,0.0
PETUN,2024/3,2AAGC,Devlet Teşvik ve Yardımları,Short-Term Government Promotions and Aids,0.0
PETUN,2024/3,2AAGCA,Ertelenmiş Gelirler (Müşteri Söz. Doğan Yük. Dış.Kal.),nan,44050.0
PETUN,2024/3,2AAGD,Dönem Karı Vergi Yükümlülüğü,Taxation Liabilities on Income (-),1195095.0
PETUN,2024/3,2AAGE,Borç Karşılıkları,Short-Term Provisions,693268.0
PETUN,2024/3,2AAGF,Diğer Kısa Vadeli Yükümlülükler,Other Short-Term Liabilities,1363793.0
PETUN,2024/3,2AAGG,(Ara Toplam),(Subtotal),61325745.0
PETUN,2024/3,2AAGH,Satış Amaçlı Elde Tutulan Duran Varlıklara İlişkin Yükümlülükler,Liabilities on Assets to be Sold,0.0
PETUN,2024/3,2B,Uzun Vadeli Yükümlülükler,LONG TERM LIABILITIES,22967292.0
PETUN,2024/3,2BA,Finansal Borçlar,Long-Term Financial Loans,586937.0
PETUN,2024/3,2BB,Diğer Finansal Yükümlülükler,Other Short-Term Financial Liabilities,0.0
PETUN,2024/3,2BBA,Ticari Borçlar,Long-Term Trade Payables,0.0
PETUN,2024/3,2BBB,Diğer Borçlar,Other Long-Term Loans,0.0
PETUN,2024/3,2BBBA,Müşteri Söz.Doğan Yük.,nan,0.0
PETUN,2024/3,2BC,Finans Sektörü Faaliyetlerinden Borçlar,Long-Term Loans from Financial Operations,0.0
PETUN,2024/3,2BD,Devlet Teşvik ve Yardımları,Long-Term Government Promotions and Aids,0.0
PETUN,2024/3,2BDA,Ertelenmiş Gelirler (Müşteri Söz.Doğan Yük. Dış.Kal.),nan,0.0
PETUN,2024/3,2BE,Uzun vadeli karşılıklar,Long-Term Provisions,4958402.0
PETUN,2024/3,2BF,Çalışanlara Sağlanan Faydalara İliş.Karş.,Provisions for Retirment Pay,0.0
PETUN,2024/3,2BG,Ertelenmiş Vergi Yükümlülüğü,Deferred Tax Liabilities,17421953.0
PETUN,2024/3,2BH,Diğer Uzun Vadeli Yükümlülükler,Other Long-Term Liabilities,0.0
PETUN,2024/3,2N,Özkaynaklar,SHAREHOLDERS EQUITY,165145884.0
PETUN,2024/3,2O,Ana Ortaklığa Ait Özkaynaklar,Parent Shareholders Capital,165145884.0
PETUN,2024/3,2OA,Ödenmiş Sermaye,Share Capital,1339832.0
PETUN,2024/3,2OC,Karşılıklı İştirak Sermayesi Düzeltmesi (-),Adjustments to Share Capital,0.0
PETUN,2024/3,2OCA,Hisse Senedi İhraç Primleri,Premium in Excess of Par,0.0
PETUN,2024/3,2OCB,Değer Artış Fonları,Market Value Surpluses,0.0
PETUN,2024/3,2OCC,Yabancı Para Çevrim Farkları,FX Translation Differences,0.0
PETUN,2024/3,2OCD,Kardan Ayrılan Kısıtlanmış Yedekler,Income Reserves,17083084.0
PETUN,2024/3,2OCE,Geçmiş Yıllar Kar/Zararları,Retained Earnings /(Acc. Losses),59221894.0
PETUN,2024/3,2OCF,Dönem Net Kar/Zararı,Current Year Income /(Losses),168302.0
PETUN,2024/3,2OD,Diğer Özsermaye Kalemleri,Other Sholders Equity Items,87332771.0
PETUN,2024/3,2ODA,Azınlık Payları,Minority Interests,0.0
PETUN,2024/3,2ODB,TOPLAM KAYNAKLAR,TOTAL LIABILITIES AND S.HOLDERS EQUITY,249438921.0
PETUN,2024/3,3B,Sürdürülen Faaliyetler,Continuing Operations,0.0
PETUN,2024/3,3C,Satış Gelirleri,Net Sales,68673219.0
PETUN,2024/3,3CA,Satışların Maliyeti (-),Cost Of Sales,-57233895.0
PETUN,2024/3,3CAA,Ticari Faaliyetlerden Diğer Kar (Zarar),Other Profit (Loss) from Trade Operations,0.0
PETUN,2024/3,3CAB,Ticari Faaliyetlerden Brüt Kar (Zarar),Gross Profit (Loss) from Trade Operations,11439324.0
PETUN,2024/3,3CAC,"Faiz, Ücret, Prim, Komisyon ve Diğer Gelirler","Proceeds from Interest, Fee, Premium, Commission and Other",0.0
PETUN,2024/3,3CAD,"Faiz, Ücret, Prim, Komisyon ve Diğer Giderler (-)","Expenses from Interest, Fee, Premium, Commission and Other",0.0
PETUN,2024/3,3CAE,Finans Sektörü Faaliyetlerinden Diğer Kar (Zarar),Other Profit (Loss) from Financial Operations,0.0
PETUN,2024/3,3CAF,Finans Sektörü Faaliyetlerinden Brüt Kar (Zarar),Gross Profit (Loss) from Financial Operations,0.0
PETUN,2024/3,3CB,Diğer Gelir ve Giderler,Other Income (Expenses),-1280244.0
PETUN,2024/3,3D,BRÜT KAR (ZARAR),GROSS PROFIT (LOSS),10159080.0
PETUN,2024/3,3DA,"Pazarlama, Satış ve Dağıtım Giderleri (-)",Marketing Selling & Distrib. Expenses (-),-4002281.0
PETUN,2024/3,3DB,Genel Yönetim Giderleri (-),General Administrative Expenses (-),-2622505.0
PETUN,2024/3,3DC,Araştırma ve Geliştirme Giderleri (-),Research & Development Expenses (-),-486637.0
PETUN,2024/3,3DD,Diğer Faaliyet Gelirleri,Income from Other Operations,577943.0
PETUN,2024/3,3DE,Diğer Faaliyet Giderleri (-),Expenses from Other Operations (-),-762862.0
PETUN,2024/3,3DEA,Faaliyet Karı Öncesi Diğer Gelir ve Giderler,Other Income (Expenses) Before Operating Profits,0.0
PETUN,2024/3,3DF,FAALİYET KARI (ZARARI),OPERATING PROFITS,2862738.0
PETUN,2024/3,3H,Net Faaliyet Kar/Zararı,Net Operating Profits,3047657.0
PETUN,2024/3,3HA,Yatırım Faaliyetlerinden Gelirler,nan,0.0
PETUN,2024/3,3HAA,Yatırım Faaliyetlerinden Giderler (-),nan,0.0
PETUN,2024/3,3HAB,Diğer Gelir ve Giderler,nan,0.0
PETUN,2024/3,3HAC,Özkaynak Yöntemiyle Değerlenen Yatırımların Kar/Zararlarındaki Paylar,Profit (Loss) from Subsidiaries,-2612859.0
PETUN,2024/3,3HACA,Finansman Gideri Öncesi Faaliyet Karı/Zararı,nan,249879.0
PETUN,2024/3,3HB,(Esas Faaliyet Dışı) Finansal Gelirler,Financial Income (from Other Operations),752773.0
PETUN,2024/3,3HC,(Esas Faaliyet Dışı) Finansal Giderler (-),Financial Expenses (from Other Operations) (-),1815522.0
PETUN,2024/3,3HCA,Vergi Öncesi Diğer Gelir ve Giderler,Other Income (Expenses) Before Tax,0.0
PETUN,2024/3,3I,SÜRDÜRÜLEN FAALİYETLER VERGİ ÖNCESİ KARI (ZARARI),PROFIT BEFORE TAX FROM CONTINUING OPERATIONS,2818174.0
PETUN,2024/3,3IA,Sürdürülen Faaliyetler Vergi Geliri (Gideri),Taxation on Continuing Operations,-2575359.0
PETUN,2024/3,3IB,Dönem Vergi Geliri (Gideri),Taxation on Income (Expenses),-1592165.0
PETUN,2024/3,3IC,Ertelenmiş Vergi Geliri (Gideri),Income (Expenses) of Deferred Tax,-983194.0
PETUN,2024/3,3ID,Diğer Vergi Geliri (Gideri),Other Taxation Income (Expenses),0.0
PETUN,2024/3,3J,SÜRDÜRÜLEN FAALİYETLER DÖNEM KARI/ZARARI,PROFIT FROM CONTINUING OPERATIONS,242815.0
PETUN,2024/3,3K,DURDURULAN FAALİYETLER,DISCONTINUED OPERATIONS,0.0
PETUN,2024/3,3KA,Durdurulan Faaliyetler Vergi Sonrası Dönem Karı (Zararı),Profit After Taxes from Discontinued Operations,0.0
PETUN,2024/3,3L,DÖNEM KARI (ZARARI),NET PROFIT AFTER TAXES,242815.0
PETUN,2024/3,3LA,Dönem Kar/Zararının Dağılımı,Distrubition of Profit (Loss),0.0
PETUN,2024/3,3LB,Azınlık Payları,Minority Interests,0.0
PETUN,2024/3,3Z,Ana Ortaklık Payları,Parent Shares,242815.0
PETUN,2024/3,3ZD,Hisse Başına Kazanç,Earnings per Share,0.0
PETUN,2024/3,3ZE,Seyreltilmiş Hisse Başına Kazanç,Diluted Earnings per Share,0.0
PETUN,2024/3,3ZF,Sürdürülen Faaliyetlerden Hisse Başına Kazanç,Earnings per Share from Continuing Operations,0.0
PETUN,2024/3,3ZG,Sürdürülen Faaliyetlerden Seyreltilmiş Hisse Başına Kazanç,Earnings per Share from Discontinued Operations,0.0
PETUN,2024/3,4B,Amortisman Giderleri,Depreciation & Amortization,1843484.0
PETUN,2024/3,4BA,Kıdem Tazminatı,Severance Payments,-771439.0
PETUN,2024/3,4BB,Finansman Giderleri,Financial Expenses,1815522.0
PETUN,2024/3,4BC,Yurtiçi Satışlar,Domestic Sales,78389714.0
PETUN,2024/3,4BD,Yurtdışı Satışlar,Export Sales,1714743.0
PETUN,2024/3,4BE,Net Yabancı Para Pozisyonu,Net Fx Position,1433137.0
PETUN,2024/3,4BEA,Parasal net yabancı para varlık/(yükümlülük) pozisyonu,Parasal net yabancı para varlık/(yükümlülük) pozisyonu,1403060.0
PETUN,2024/3,4BEB,Net YPP (Hedge Dahil),Net YPP (Hedge Dahil),1433137.0
PETUN,2024/3,4C,İşletme Faaliyetlerinden Kaynaklanan Net Nakit,Net Cash from Operations,-2172682.0
PETUN,2024/3,4CA,Düzeltme Öncesi Kar,Earnings Before Adjustments,242815.0
PETUN,2024/3,4CAA,Düzeltmeler:,Adjustments:,5271278.0
PETUN,2024/3,4CAB,Amortisman & İtfa Payları,Depreciation & Amortisation,1843484.0
PETUN,2024/3,4CAC,Karşılıklardaki Değişim,Change in Provisions,-239558.0
PETUN,2024/3,4CAD,Diğer Gelir/ Gider,Other Income / Expense,7100277.0
PETUN,2024/3,4CAE,İşletme Sermayesinde Değişikler Öncesi Faaliyet Karı (+),Operating Profit Before Changes in Working Capital (+),5514093.0
PETUN,2024/3,4CAF,İşletme Sermayesindeki Değişiklikler,Change in Working Capital,-7304291.0
PETUN,2024/3,4CAG,Esas Faaliyet ile İlgili Oluşan Nakit (+),Cash from Core Operations (+),-1790198.0
PETUN,2024/3,4CAH,Diğer İşletme Faaliyetlerinden Nakit,Cash from Other Operations,-382484.0
PETUN,2024/3,4CAI,Sabit Sermaye Yatırımları,Capital Expenditures (CapEx),-2665441.0
PETUN,2024/3,4CAJ,Diğer Yatırım Faaliyetlerinden Nakit,Cash from Other Investment Operations,-3441112.0
PETUN,2024/3,4CAK,Yatırım Faaliyetlerinden Kaynaklanan Nakit,Cash from Investment Operations,-6106552.0
PETUN,2024/3,4CB,Serbest Nakit Akım,Free Cash Flow,-8279234.0
PETUN,2024/3,4CBA,Finansal Borçlardaki Değişim,Change in Financial Debt,13152473.0
PETUN,2024/3,4CBB,Temettü Ödemeleri,Dividends Paid,0.0
PETUN,2024/3,4CBC,Sermaye Artırımı,Rights Issue,0.0
PETUN,2024/3,4CBD,Diğer Finansman Faaliyetlerinden Nakit,Cash from Other Financial Operations,-349519.0
PETUN,2024/3,4CBE,Finansman Faaliyetlerden Kaynaklanan Nakit,Cash from Financial Operations,12802954.0
PETUN,2024/3,4CBF,Yab. Para Çev. Fark. Etk. Önc.Nak.Ve Nak. Benz. Net Artış/Azalış,Cash Net Inc. / Dec. before For.Cur. Trans. Dif.,4523720.0
PETUN,2024/3,4CBG,Yab.ı Para Çevrim Fark. Nakit Ve Nakit Benz. Üzerindeki Etkisi,Foreign Curr. Trans.Diff.Cash and Cash Benz. Imp.,982.0
PETUN,2024/3,4CBH,Diğer Nakit Girişi/Çıkışı,Other Cash Inflow/Outflow,0.0
PETUN,2024/3,4CBI,Nakit ve Benzerlerindeki Değişim,Change in Cash & Cash Equivalents,4524702.0
PETUN,2024/3,4CBJ,Diğer Nakit ve Nakit Benzerlerindeki Artış,Other Cash & Cash Equivalents Change,0.0
PETUN,2024/3,4CBK,Dönem Başı Nakit Değerler,Cash at the beginning of the Quarter,2795078.0
PETUN,2024/3,4CBL,Dönem Sonu Nakit,Cash at the End of the Quarter,7319780.0
PETUN,2024/6,1A,Dönen Varlıklar,CURRENT ASSETS,69473041.0
PETUN,2024/6,1AA,Nakit ve Nakit Benzerleri,Cash and Cash Equivalents,3973495.0
PETUN,2024/6,1AB,Finansal Yatırımlar,Short-Term Financial Investments,0.0
PETUN,2024/6,1AC,Ticari Alacaklar,Short-Term Trade Receivables,33028054.0
PETUN,2024/6,1AD,Finans Sektörü Faaliyetlerinden Alacaklar,Short-Term Receivables from Financial Operations,0.0
PETUN,2024/6,1AE,Diğer Alacaklar,Short-Term Other Receivables,5128591.0
PETUN,2024/6,1AEA,Müşteri Sözleşmelerinden Doğan Varlıklar,nan,0.0
PETUN,2024/6,1AF,Stoklar,Inventories,19158083.0
PETUN,2024/6,1AG,Canlı Varlıklar,Short-Term Live Assets,5869058.0
PETUN,2024/6,1AH,Diğer Dönen Varlıklar,Other Current Assets,2315760.0
PETUN,2024/6,1AI,(Ara Toplam),(Subtotal),69473041.0
PETUN,2024/6,1AJ,Satış Amacıyla Elde Tutulan Duran Varlıklar,Assets to be Sold,0.0
PETUN,2024/6,1AK,Duran Varlıklar,LONG TERM ASSETS,187063289.0
PETUN,2024/6,1B,Ticari Alacaklar,Trade Receivables,0.0
PETUN,2024/6,1BA,Finans Sektörü Faaliyetlerinden Alacaklar,Long-Term Receivables from Financial Operations,0.0
PETUN,2024/6,1BB,Diğer Alacaklar,Other Receivables,0.0
PETUN,2024/6,1BBA,Müşteri Sözleşmelerinden Doğan Varlıklar,nan,0.0
PETUN,2024/6,1BC,Finansal Yatırımlar,Financial Investments,3583253.0
PETUN,2024/6,1BD,Özkaynak Yöntemiyle Değerlenen Yatırımlar,Investments with Equity Method,37212974.0
PETUN,2024/6,1BE,Canlı Varlıklar,Long-Term Live Assets,0.0
PETUN,2024/6,1BF,Yatırım Amaçlı Gayrimenkuller,Real Estate Investments,7062982.0
PETUN,2024/6,1BFA,Stoklar,Stoklar,0.0
PETUN,2024/6,1BFAA,Kullanım Hakkı Varlıkları,nan,1110969.0
PETUN,2024/6,1BG,Maddi Duran Varlıklar,Tangible Fixed Assets,137439581.0
PETUN,2024/6,1BGA,Şerefiye,Goodwill,0.0
PETUN,2024/6,1BH,Maddi Olmayan Duran Varlıklar,Intangible Fixed Assets,617030.0
PETUN,2024/6,1BJ,Ertelenmiş Vergi Varlığı,Long Term Deffered Tax Assets,0.0
PETUN,2024/6,1BK,Diğer Duran Varlıklar,Other Long-Term Assets,36501.0
PETUN,2024/6,1BL,TOPLAM VARLIKLAR,TOTAL ASSETS,256536330.0
PETUN,2024/6,1BM,KAYNAKLAR,LIABILITIES,0.0
PETUN,2024/6,2A,Kısa Vadeli Yükümlülükler,SHORT TERM LIABILITIES,65813225.0
PETUN,2024/6,2AA,Finansal Borçlar,Short-Term Financial Loans,26342417.0
PETUN,2024/6,2AAG,Diğer Finansal Yükümlülükler,Other Short-Term Financial Liabilities,1674403.0
PETUN,2024/6,2AAGAA,Ticari Borçlar,Short-Term Trade Payables,30976043.0
PETUN,2024/6,2AAGAB,Diğer Borçlar,Other Short-Term Loans,2871611.0
PETUN,2024/6,2AAGAC,Müşteri Söz. Doğan Yük.,nan,0.0
PETUN,2024/6,2AAGB,Finans Sektörü Faaliyetlerinden Borçlar,Short-Term Loans from Financial Operations,0.0
PETUN,2024/6,2AAGC,Devlet Teşvik ve Yardımları,Short-Term Government Promotions and Aids,0.0
PETUN,2024/6,2AAGCA,Ertelenmiş Gelirler (Müşteri Söz. Doğan Yük. Dış.Kal.),nan,194175.0
PETUN,2024/6,2AAGD,Dönem Karı Vergi Yükümlülüğü,Taxation Liabilities on Income (-),858820.0
PETUN,2024/6,2AAGE,Borç Karşılıkları,Short-Term Provisions,664967.0
PETUN,2024/6,2AAGF,Diğer Kısa Vadeli Yükümlülükler,Other Short-Term Liabilities,2230789.0
PETUN,2024/6,2AAGG,(Ara Toplam),(Subtotal),65813225.0
PETUN,2024/6,2AAGH,Satış Amaçlı Elde Tutulan Duran Varlıklara İlişkin Yükümlülükler,Liabilities on Assets to be Sold,0.0
PETUN,2024/6,2B,Uzun Vadeli Yükümlülükler,LONG TERM LIABILITIES,23795843.0
PETUN,2024/6,2BA,Finansal Borçlar,Long-Term Financial Loans,457050.0
PETUN,2024/6,2BB,Diğer Finansal Yükümlülükler,Other Short-Term Financial Liabilities,0.0
PETUN,2024/6,2BBA,Ticari Borçlar,Long-Term Trade Payables,0.0
PETUN,2024/6,2BBB,Diğer Borçlar,Other Long-Term Loans,0.0
PETUN,2024/6,2BBBA,Müşteri Söz.Doğan Yük.,nan,0.0
PETUN,2024/6,2BC,Finans Sektörü Faaliyetlerinden Borçlar,Long-Term Loans from Financial Operations,0.0
PETUN,2024/6,2BD,Devlet Teşvik ve Yardımları,Long-Term Government Promotions and Aids,0.0
PETUN,2024/6,2BDA,Ertelenmiş Gelirler (Müşteri Söz.Doğan Yük. Dış.Kal.),nan,0.0
PETUN,2024/6,2BE,Uzun vadeli karşılıklar,Long-Term Provisions,5895274.0
PETUN,2024/6,2BF,Çalışanlara Sağlanan Faydalara İliş.Karş.,Provisions for Retirment Pay,0.0
PETUN,2024/6,2BG,Ertelenmiş Vergi Yükümlülüğü,Deferred Tax Liabilities,17443519.0
PETUN,2024/6,2BH,Diğer Uzun Vadeli Yükümlülükler,Other Long-Term Liabilities,0.0
PETUN,2024/6,2N,Özkaynaklar,SHAREHOLDERS EQUITY,166927261.0
PETUN,2024/6,2O,Ana Ortaklığa Ait Özkaynaklar,Parent Shareholders Capital,166927261.0
PETUN,2024/6,2OA,Ödenmiş Sermaye,Share Capital,1317762.0
PETUN,2024/6,2OC,Karşılıklı İştirak Sermayesi Düzeltmesi (-),Adjustments to Share Capital,0.0
PETUN,2024/6,2OCA,Hisse Senedi İhraç Primleri,Premium in Excess of Par,0.0
PETUN,2024/6,2OCB,Değer Artış Fonları,Market Value Surpluses,0.0
PETUN,2024/6,2OCC,Yabancı Para Çevrim Farkları,FX Translation Differences,0.0
PETUN,2024/6,2OCD,Kardan Ayrılan Kısıtlanmış Yedekler,Income Reserves,18502766.0
PETUN,2024/6,2OCE,Geçmiş Yıllar Kar/Zararları,Retained Earnings /(Acc. Losses),60064244.0
PETUN,2024/6,2OCF,Dönem Net Kar/Zararı,Current Year Income /(Losses),-3154072.0
PETUN,2024/6,2OD,Diğer Özsermaye Kalemleri,Other Sholders Equity Items,90196562.0
PETUN,2024/6,2ODA,Azınlık Payları,Minority Interests,0.0
PETUN,2024/6,2ODB,TOPLAM KAYNAKLAR,TOTAL LIABILITIES AND S.HOLDERS EQUITY,256536330.0
PETUN,2024/6,3B,Sürdürülen Faaliyetler,Continuing Operations,0.0
PETUN,2024/6,3C,Satış Gelirleri,Net Sales,144954888.0
PETUN,2024/6,3CA,Satışların Maliyeti (-),Cost Of Sales,-122375993.0
PETUN,2024/6,3CAA,Ticari Faaliyetlerden Diğer Kar (Zarar),Other Profit (Loss) from Trade Operations,0.0
PETUN,2024/6,3CAB,Ticari Faaliyetlerden Brüt Kar (Zarar),Gross Profit (Loss) from Trade Operations,22578896.0
PETUN,2024/6,3CAC,"Faiz, Ücret, Prim, Komisyon ve Diğer Gelirler","Proceeds from Interest, Fee, Premium, Commission and Other",0.0
PETUN,2024/6,3CAD,"Faiz, Ücret, Prim, Komisyon ve Diğer Giderler (-)","Expenses from Interest, Fee, Premium, Commission and Other",0.0
PETUN,2024/6,3CAE,Finans Sektörü Faaliyetlerinden Diğer Kar (Zarar),Other Profit (Loss) from Financial Operations,0.0
PETUN,2024/6,3CAF,Finans Sektörü Faaliyetlerinden Brüt Kar (Zarar),Gross Profit (Loss) from Financial Operations,0.0
PETUN,2024/6,3CB,Diğer Gelir ve Giderler,Other Income (Expenses),-647185.0
PETUN,2024/6,3D,BRÜT KAR (ZARAR),GROSS PROFIT (LOSS),21931711.0
PETUN,2024/6,3DA,"Pazarlama, Satış ve Dağıtım Giderleri (-)",Marketing Selling & Distrib. Expenses (-),-8619005.0
PETUN,2024/6,3DB,Genel Yönetim Giderleri (-),General Administrative Expenses (-),-5388087.0
PETUN,2024/6,3DC,Araştırma ve Geliştirme Giderleri (-),Research & Development Expenses (-),-1033740.0
PETUN,2024/6,3DD,Diğer Faaliyet Gelirleri,Income from Other Operations,1188523.0
PETUN,2024/6,3DE,Diğer Faaliyet Giderleri (-),Expenses from Other Operations (-),-1216444.0
PETUN,2024/6,3DEA,Faaliyet Karı Öncesi Diğer Gelir ve Giderler,Other Income (Expenses) Before Operating Profits,0.0
PETUN,2024/6,3DF,FAALİYET KARI (ZARARI),OPERATING PROFITS,6862957.0
PETUN,2024/6,3H,Net Faaliyet Kar/Zararı,Net Operating Profits,6890878.0
PETUN,2024/6,3HA,Yatırım Faaliyetlerinden Gelirler,nan,2950.0
PETUN,2024/6,3HAA,Yatırım Faaliyetlerinden Giderler (-),nan,0.0
PETUN,2024/6,3HAB,Diğer Gelir ve Giderler,nan,0.0
PETUN,2024/6,3HAC,Özkaynak Yöntemiyle Değerlenen Yatırımların Kar/Zararlarındaki Paylar,Profit (Loss) from Subsidiaries,-7444405.0
PETUN,2024/6,3HACA,Finansman Gideri Öncesi Faaliyet Karı/Zararı,nan,-578498.0
PETUN,2024/6,3HB,(Esas Faaliyet Dışı) Finansal Gelirler,Financial Income (from Other Operations),2310241.0
PETUN,2024/6,3HC,(Esas Faaliyet Dışı) Finansal Giderler (-),Financial Expenses (from Other Operations) (-),-3686617.0
PETUN,2024/6,3HCA,Vergi Öncesi Diğer Gelir ve Giderler,Other Income (Expenses) Before Tax,2950.0
PETUN,2024/6,3I,SÜRDÜRÜLEN FAALİYETLER VERGİ ÖNCESİ KARI (ZARARI),PROFIT BEFORE TAX FROM CONTINUING OPERATIONS,-1954874.0
PETUN,2024/6,3IA,Sürdürülen Faaliyetler Vergi Geliri (Gideri),Taxation on Continuing Operations,-2474836.0
PETUN,2024/6,3IB,Dönem Vergi Geliri (Gideri),Taxation on Income (Expenses),-2897606.0
PETUN,2024/6,3IC,Ertelenmiş Vergi Geliri (Gideri),Income (Expenses) of Deferred Tax,422770.0
PETUN,2024/6,3ID,Diğer Vergi Geliri (Gideri),Other Taxation Income (Expenses),0.0
PETUN,2024/6,3J,SÜRDÜRÜLEN FAALİYETLER DÖNEM KARI/ZARARI,PROFIT FROM CONTINUING OPERATIONS,-4429710.0
PETUN,2024/6,3K,DURDURULAN FAALİYETLER,DISCONTINUED OPERATIONS,0.0
PETUN,2024/6,3KA,Durdurulan Faaliyetler Vergi Sonrası Dönem Karı (Zararı),Profit After Taxes from Discontinued Operations,0.0
PETUN,2024/6,3L,DÖNEM KARI (ZARARI),NET PROFIT AFTER TAXES,-4429710.0
PETUN,2024/6,3LA,Dönem Kar/Zararının Dağılımı,Distrubition of Profit (Loss),0.0
PETUN,2024/6,3LB,Azınlık Payları,Minority Interests,0.0
PETUN,2024/6,3Z,Ana Ortaklık Payları,Parent Shares,-4429710.0
PETUN,2024/6,3ZD,Hisse Başına Kazanç,Earnings per Share,0.0
PETUN,2024/6,3ZE,Seyreltilmiş Hisse Başına Kazanç,Diluted Earnings per Share,0.0
PETUN,2024/6,3ZF,Sürdürülen Faaliyetlerden Hisse Başına Kazanç,Earnings per Share from Continuing Operations,0.0
PETUN,2024/6,3ZG,Sürdürülen Faaliyetlerden Seyreltilmiş Hisse Başına Kazanç,Earnings per Share from Discontinued Operations,0.0
PETUN,2024/6,4B,Amortisman Giderleri,Depreciation & Amortization,4889267.0
PETUN,2024/6,4BA,Kıdem Tazminatı,Severance Payments,587676.0
PETUN,2024/6,4BB,Finansman Giderleri,Financial Expenses,-3686617.0
PETUN,2024/6,4BC,Yurtiçi Satışlar,Domestic Sales,164681210.0
PETUN,2024/6,4BD,Yurtdışı Satışlar,Export Sales,3141667.0
PETUN,2024/6,4BE,Net Yabancı Para Pozisyonu,Net Fx Position,2003111.0
PETUN,2024/6,4BEA,Parasal net yabancı para varlık/(yükümlülük) pozisyonu,Parasal net yabancı para varlık/(yükümlülük) pozisyonu,1976294.0
PETUN,2024/6,4BEB,Net YPP (Hedge Dahil),Net YPP (Hedge Dahil),2003111.0
PETUN,2024/6,4C,İşletme Faaliyetlerinden Kaynaklanan Net Nakit,Net Cash from Operations,3548104.0
PETUN,2024/6,4CA,Düzeltme Öncesi Kar,Earnings Before Adjustments,-4429710.0
PETUN,2024/6,4CAA,Düzeltmeler:,Adjustments:,15538897.0
PETUN,2024/6,4CAB,Amortisman & İtfa Payları,Depreciation & Amortisation,4889267.0
PETUN,2024/6,4CAC,Karşılıklardaki Değişim,Change in Provisions,587676.0
PETUN,2024/6,4CAD,Diğer Gelir/ Gider,Other Income / Expense,17299945.0
PETUN,2024/6,4CAE,İşletme Sermayesinde Değişikler Öncesi Faaliyet Karı (+),Operating Profit Before Changes in Working Capital (+),11109187.0
PETUN,2024/6,4CAF,İşletme Sermayesindeki Değişiklikler,Change in Working Capital,-5425403.0
PETUN,2024/6,4CAG,Esas Faaliyet ile İlgili Oluşan Nakit (+),Cash from Core Operations (+),5683783.0
PETUN,2024/6,4CAH,Diğer İşletme Faaliyetlerinden Nakit,Cash from Other Operations,-2135680.0
PETUN,2024/6,4CAI,Sabit Sermaye Yatırımları,Capital Expenditures (CapEx),-3298475.0
PETUN,2024/6,4CAJ,Diğer Yatırım Faaliyetlerinden Nakit,Cash from Other Investment Operations,-3180547.0
PETUN,2024/6,4CAK,Yatırım Faaliyetlerinden Kaynaklanan Nakit,Cash from Investment Operations,-6479023.0
PETUN,2024/6,4CB,Serbest Nakit Akım,Free Cash Flow,-2930919.0
PETUN,2024/6,4CBA,Finansal Borçlardaki Değişim,Change in Financial Debt,15608826.0
PETUN,2024/6,4CBB,Temettü Ödemeleri,Dividends Paid,-4145613.0
PETUN,2024/6,4CBC,Sermaye Artırımı,Rights Issue,0.0
PETUN,2024/6,4CBD,Diğer Finansman Faaliyetlerinden Nakit,Cash from Other Financial Operations,-4893325.0
PETUN,2024/6,4CBE,Finansman Faaliyetlerden Kaynaklanan Nakit,Cash from Financial Operations,6569888.0
PETUN,2024/6,4CBF,Yab. Para Çev. Fark. Etk. Önc.Nak.Ve Nak. Benz. Net Artış/Azalış,Cash Net Inc. / Dec. before For.Cur. Trans. Dif.,2674827.0
PETUN,2024/6,4CBG,Yab.ı Para Çevrim Fark. Nakit Ve Nakit Benz. Üzerindeki Etkisi,Foreign Curr. Trans.Diff.Cash and Cash Benz. Imp.,4728.0
PETUN,2024/6,4CBH,Diğer Nakit Girişi/Çıkışı,Other Cash Inflow/Outflow,0.0
PETUN,2024/6,4CBI,Nakit ve Benzerlerindeki Değişim,Change in Cash & Cash Equivalents,2679555.0
PETUN,2024/6,4CBJ,Diğer Nakit ve Nakit Benzerlerindeki Artış,Other Cash & Cash Equivalents Change,0.0
PETUN,2024/6,4CBK,Dönem Başı Nakit Değerler,Cash at the beginning of the Quarter,2900987.0
PETUN,2024/6,4CBL,Dönem Sonu Nakit,Cash at the End of the Quarter,5580542.0
PETUN,2024/9,1A,Dönen Varlıklar,CURRENT ASSETS,78797440.0
PETUN,2024/9,1AA,Nakit ve Nakit Benzerleri,Cash and Cash Equivalents,2407498.0
PETUN,2024/9,1AB,Finansal Yatırımlar,Short-Term Financial Investments,0.0
PETUN,2024/9,1AC,Ticari Alacaklar,Short-Term Trade Receivables,34969497.0
PETUN,2024/9,1AD,Finans Sektörü Faaliyetlerinden Alacaklar,Short-Term Receivables from Financial Operations,0.0
PETUN,2024/9,1AE,Diğer Alacaklar,Short-Term Other Receivables,13668475.0
PETUN,2024/9,1AEA,Müşteri Sözleşmelerinden Doğan Varlıklar,nan,0.0
PETUN,2024/9,1AF,Stoklar,Inventories,20030939.0
PETUN,2024/9,1AG,Canlı Varlıklar,Short-Term Live Assets,5532575.0
PETUN,2024/9,1AH,Diğer Dönen Varlıklar,Other Current Assets,2188455.0
PETUN,2024/9,1AI,(Ara Toplam),(Subtotal),78797440.0
PETUN,2024/9,1AJ,Satış Amacıyla Elde Tutulan Duran Varlıklar,Assets to be Sold,0.0
PETUN,2024/9,1AK,Duran Varlıklar,LONG TERM ASSETS,198762776.0
PETUN,2024/9,1B,Ticari Alacaklar,Trade Receivables,0.0
PETUN,2024/9,1BA,Finans Sektörü Faaliyetlerinden Alacaklar,Long-Term Receivables from Financial Operations,0.0
PETUN,2024/9,1BB,Diğer Alacaklar,Other Receivables,0.0
PETUN,2024/9,1BBA,Müşteri Sözleşmelerinden Doğan Varlıklar,nan,0.0
PETUN,2024/9,1BC,Finansal Yatırımlar,Financial Investments,3719103.0
PETUN,2024/9,1BD,Özkaynak Yöntemiyle Değerlenen Yatırımlar,Investments with Equity Method,41119089.0
PETUN,2024/9,1BE,Canlı Varlıklar,Long-Term Live Assets,0.0
PETUN,2024/9,1BF,Yatırım Amaçlı Gayrimenkuller,Real Estate Investments,7401025.0
PETUN,2024/9,1BFA,Stoklar,Stoklar,0.0
PETUN,2024/9,1BFAA,Kullanım Hakkı Varlıkları,nan,976043.0
PETUN,2024/9,1BG,Maddi Duran Varlıklar,Tangible Fixed Assets,144846273.0
PETUN,2024/9,1BGA,Şerefiye,Goodwill,0.0
PETUN,2024/9,1BH,Maddi Olmayan Duran Varlıklar,Intangible Fixed Assets,623324.0
PETUN,2024/9,1BJ,Ertelenmiş Vergi Varlığı,Long Term Deffered Tax Assets,0.0
PETUN,2024/9,1BK,Diğer Duran Varlıklar,Other Long-Term Assets,77919.0
PETUN,2024/9,1BL,TOPLAM VARLIKLAR,TOTAL ASSETS,277560216.0
PETUN,2024/9,1BM,KAYNAKLAR,LIABILITIES,0.0
PETUN,2024/9,2A,Kısa Vadeli Yükümlülükler,SHORT TERM LIABILITIES,71459488.0
PETUN,2024/9,2AA,Finansal Borçlar,Short-Term Financial Loans,34834373.0
PETUN,2024/9,2AAG,Diğer Finansal Yükümlülükler,Other Short-Term Financial Liabilities,1217986.0
PETUN,2024/9,2AAGAA,Ticari Borçlar,Short-Term Trade Payables,30009877.0
PETUN,2024/9,2AAGAB,Diğer Borçlar,Other Short-Term Loans,2681633.0
PETUN,2024/9,2AAGAC,Müşteri Söz. Doğan Yük.,nan,0.0
PETUN,2024/9,2AAGB,Finans Sektörü Faaliyetlerinden Borçlar,Short-Term Loans from Financial Operations,0.0
PETUN,2024/9,2AAGC,Devlet Teşvik ve Yardımları,Short-Term Government Promotions and Aids,0.0
PETUN,2024/9,2AAGCA,Ertelenmiş Gelirler (Müşteri Söz. Doğan Yük. Dış.Kal.),nan,10438.0
PETUN,2024/9,2AAGD,Dönem Karı Vergi Yükümlülüğü,Taxation Liabilities on Income (-),799311.0
PETUN,2024/9,2AAGE,Borç Karşılıkları,Short-Term Provisions,710559.0
PETUN,2024/9,2AAGF,Diğer Kısa Vadeli Yükümlülükler,Other Short-Term Liabilities,1195311.0
PETUN,2024/9,2AAGG,(Ara Toplam),(Subtotal),71459488.0
PETUN,2024/9,2AAGH,Satış Amaçlı Elde Tutulan Duran Varlıklara İlişkin Yükümlülükler,Liabilities on Assets to be Sold,0.0
PETUN,2024/9,2B,Uzun Vadeli Yükümlülükler,LONG TERM LIABILITIES,25144843.0
PETUN,2024/9,2BA,Finansal Borçlar,Long-Term Financial Loans,329830.0
PETUN,2024/9,2BB,Diğer Finansal Yükümlülükler,Other Short-Term Financial Liabilities,0.0
PETUN,2024/9,2BBA,Ticari Borçlar,Long-Term Trade Payables,0.0
PETUN,2024/9,2BBB,Diğer Borçlar,Other Long-Term Loans,0.0
PETUN,2024/9,2BBBA,Müşteri Söz.Doğan Yük.,nan,0.0
PETUN,2024/9,2BC,Finans Sektörü Faaliyetlerinden Borçlar,Long-Term Loans from Financial Operations,0.0
PETUN,2024/9,2BD,Devlet Teşvik ve Yardımları,Long-Term Government Promotions and Aids,0.0
PETUN,2024/9,2BDA,Ertelenmiş Gelirler (Müşteri Söz.Doğan Yük. Dış.Kal.),nan,0.0
PETUN,2024/9,2BE,Uzun vadeli karşılıklar,Long-Term Provisions,5682060.0
PETUN,2024/9,2BF,Çalışanlara Sağlanan Faydalara İliş.Karş.,Provisions for Retirment Pay,0.0
PETUN,2024/9,2BG,Ertelenmiş Vergi Yükümlülüğü,Deferred Tax Liabilities,19132953.0
PETUN,2024/9,2BH,Diğer Uzun Vadeli Yükümlülükler,Other Long-Term Liabilities,0.0
PETUN,2024/9,2N,Özkaynaklar,SHAREHOLDERS EQUITY,180955885.0
PETUN,2024/9,2O,Ana Ortaklığa Ait Özkaynaklar,Parent Shareholders Capital,180955885.0
PETUN,2024/9,2OA,Ödenmiş Sermaye,Share Capital,8874278.0
PETUN,2024/9,2OC,Karşılıklı İştirak Sermayesi Düzeltmesi (-),Adjustments to Share Capital,0.0
PETUN,2024/9,2OCA,Hisse Senedi İhraç Primleri,Premium in Excess of Par,0.0
PETUN,2024/9,2OCB,Değer Artış Fonları,Market Value Surpluses,0.0
PETUN,2024/9,2OCC,Yabancı Para Çevrim Farkları,FX Translation Differences,0.0
PETUN,2024/9,2OCD,Kardan Ayrılan Kısıtlanmış Yedekler,Income Reserves,19392949.0
PETUN,2024/9,2OCE,Geçmiş Yıllar Kar/Zararları,Retained Earnings /(Acc. Losses),62988683.0
PETUN,2024/9,2OCF,Dönem Net Kar/Zararı,Current Year Income /(Losses),2980536.0
PETUN,2024/9,2OD,Diğer Özsermaye Kalemleri,Other Sholders Equity Items,86719439.0
PETUN,2024/9,2ODA,Azınlık Payları,Minority Interests,0.0
PETUN,2024/9,2ODB,TOPLAM KAYNAKLAR,TOTAL LIABILITIES AND S.HOLDERS EQUITY,277560216.0
PETUN,2024/9,3B,Sürdürülen Faaliyetler,Continuing Operations,0.0
PETUN,2024/9,3C,Satış Gelirleri,Net Sales,237863638.0
PETUN,2024/9,3CA,Satışların Maliyeti (-),Cost Of Sales,-195443317.0
PETUN,2024/9,3CAA,Ticari Faaliyetlerden Diğer Kar (Zarar),Other Profit (Loss) from Trade Operations,0.0
PETUN,2024/9,3CAB,Ticari Faaliyetlerden Brüt Kar (Zarar),Gross Profit (Loss) from Trade Operations,42420321.0
PETUN,2024/9,3CAC,"Faiz, Ücret, Prim, Komisyon ve Diğer Gelirler","Proceeds from Interest, Fee, Premium, Commission and Other",0.0
PETUN,2024/9,3CAD,"Faiz, Ücret, Prim, Komisyon ve Diğer Giderler (-)","Expenses from Interest, Fee, Premium, Commission and Other",0.0
PETUN,2024/9,3CAE,Finans Sektörü Faaliyetlerinden Diğer Kar (Zarar),Other Profit (Loss) from Financial Operations,0.0
PETUN,2024/9,3CAF,Finans Sektörü Faaliyetlerinden Brüt Kar (Zarar),Gross Profit (Loss) from Financial Operations,0.0
PETUN,2024/9,3CB,Diğer Gelir ve Giderler,Other Income (Expenses),-946667.0
PETUN,2024/9,3D,BRÜT KAR (ZARAR),GROSS PROFIT (LOSS),41473654.0
PETUN,2024/9,3DA,"Pazarlama, Satış ve Dağıtım Giderleri (-)",Marketing Selling & Distrib. Expenses (-),-15408527.0
PETUN,2024/9,3DB,Genel Yönetim Giderleri (-),General Administrative Expenses (-),-8958080.0
PETUN,2024/9,3DC,Araştırma ve Geliştirme Giderleri (-),Research & Development Expenses (-),-1438860.0
PETUN,2024/9,3DD,Diğer Faaliyet Gelirleri,Income from Other Operations,3124850.0
PETUN,2024/9,3DE,Diğer Faaliyet Giderleri (-),Expenses from Other Operations (-),-1707579.0
PETUN,2024/9,3DEA,Faaliyet Karı Öncesi Diğer Gelir ve Giderler,Other Income (Expenses) Before Operating Profits,0.0
PETUN,2024/9,3DF,FAALİYET KARI (ZARARI),OPERATING PROFITS,17085458.0
PETUN,2024/9,3H,Net Faaliyet Kar/Zararı,Net Operating Profits,15668186.0
PETUN,2024/9,3HA,Yatırım Faaliyetlerinden Gelirler,nan,7491.0
PETUN,2024/9,3HAA,Yatırım Faaliyetlerinden Giderler (-),nan,0.0
PETUN,2024/9,3HAB,Diğer Gelir ve Giderler,nan,0.0
PETUN,2024/9,3HAC,Özkaynak Yöntemiyle Değerlenen Yatırımların Kar/Zararlarındaki Paylar,Profit (Loss) from Subsidiaries,-4213768.0
PETUN,2024/9,3HACA,Finansman Gideri Öncesi Faaliyet Karı/Zararı,nan,12879180.0
PETUN,2024/9,3HB,(Esas Faaliyet Dışı) Finansal Gelirler,Financial Income (from Other Operations),3873361.0
PETUN,2024/9,3HC,(Esas Faaliyet Dışı) Finansal Giderler (-),Financial Expenses (from Other Operations) (-),-7826443.0
PETUN,2024/9,3HCA,Vergi Öncesi Diğer Gelir ve Giderler,Other Income (Expenses) Before Tax,7491.0
PETUN,2024/9,3I,SÜRDÜRÜLEN FAALİYETLER VERGİ ÖNCESİ KARI (ZARARI),PROFIT BEFORE TAX FROM CONTINUING OPERATIONS,8926098.0
PETUN,2024/9,3IA,Sürdürülen Faaliyetler Vergi Geliri (Gideri),Taxation on Continuing Operations,-4719071.0
PETUN,2024/9,3IB,Dönem Vergi Geliri (Gideri),Taxation on Income (Expenses),-4127852.0
PETUN,2024/9,3IC,Ertelenmiş Vergi Geliri (Gideri),Income (Expenses) of Deferred Tax,-591219.0
PETUN,2024/9,3ID,Diğer Vergi Geliri (Gideri),Other Taxation Income (Expenses),0.0
PETUN,2024/9,3J,SÜRDÜRÜLEN FAALİYETLER DÖNEM KARI/ZARARI,PROFIT FROM CONTINUING OPERATIONS,4207027.0
PETUN,2024/9,3K,DURDURULAN FAALİYETLER,DISCONTINUED OPERATIONS,0.0
PETUN,2024/9,3KA,Durdurulan Faaliyetler Vergi Sonrası Dönem Karı (Zararı),Profit After Taxes from Discontinued Operations,0.0
PETUN,2024/9,3L,DÖNEM KARI (ZARARI),NET PROFIT AFTER TAXES,4207027.0
PETUN,2024/9,3LA,Dönem Kar/Zararının Dağılımı,Distrubition of Profit (Loss),0.0
PETUN,2024/9,3LB,Azınlık Payları,Minority Interests,0.0
PETUN,2024/9,3Z,Ana Ortaklık Payları,Parent Shares,4207027.0
PETUN,2024/9,3ZD,Hisse Başına Kazanç,Earnings per Share,0.0
PETUN,2024/9,3ZE,Seyreltilmiş Hisse Başına Kazanç,Diluted Earnings per Share,0.0
PETUN,2024/9,3ZF,Sürdürülen Faaliyetlerden Hisse Başına Kazanç,Earnings per Share from Continuing Operations,0.0
PETUN,2024/9,3ZG,Sürdürülen Faaliyetlerden Seyreltilmiş Hisse Başına Kazanç,Earnings per Share from Discontinued Operations,0.0
PETUN,2024/9,4B,Amortisman Giderleri,Depreciation & Amortization,7804110.0
PETUN,2024/9,4BA,Kıdem Tazminatı,Severance Payments,1077824.0
PETUN,2024/9,4BB,Finansman Giderleri,Financial Expenses,-7826443.0
PETUN,2024/9,4BC,Yurtiçi Satışlar,Domestic Sales,268795513.0
PETUN,2024/9,4BD,Yurtdışı Satışlar,Export Sales,5415697.0
PETUN,2024/9,4BE,Net Yabancı Para Pozisyonu,Net Fx Position,1831046.0
PETUN,2024/9,4BEA,Parasal net yabancı para varlık/(yükümlülük) pozisyonu,Parasal net yabancı para varlık/(yükümlülük) pozisyonu,1831046.0
PETUN,2024/9,4BEB,Net YPP (Hedge Dahil),Net YPP (Hedge Dahil),1831046.0
PETUN,2024/9,4C,İşletme Faaliyetlerinden Kaynaklanan Net Nakit,Net Cash from Operations,6458471.0
PETUN,2024/9,4CA,Düzeltme Öncesi Kar,Earnings Before Adjustments,4207027.0
PETUN,2024/9,4CAA,Düzeltmeler:,Adjustments:,21604073.0
PETUN,2024/9,4CAB,Amortisman & İtfa Payları,Depreciation & Amortisation,7804110.0
PETUN,2024/9,4CAC,Karşılıklardaki Değişim,Change in Provisions,1077824.0
PETUN,2024/9,4CAD,Diğer Gelir/ Gider,Other Income / Expense,21276896.0
PETUN,2024/9,4CAE,İşletme Sermayesinde Değişikler Öncesi Faaliyet Karı (+),Operating Profit Before Changes in Working Capital (+),25811100.0
PETUN,2024/9,4CAF,İşletme Sermayesindeki Değişiklikler,Change in Working Capital,-15740254.0
PETUN,2024/9,4CAG,Esas Faaliyet ile İlgili Oluşan Nakit (+),Cash from Core Operations (+),10070847.0
PETUN,2024/9,4CAH,Diğer İşletme Faaliyetlerinden Nakit,Cash from Other Operations,-3612375.0
PETUN,2024/9,4CAI,Sabit Sermaye Yatırımları,Capital Expenditures (CapEx),-7132217.0
PETUN,2024/9,4CAJ,Diğer Yatırım Faaliyetlerinden Nakit,Cash from Other Investment Operations,-15859241.0
PETUN,2024/9,4CAK,Yatırım Faaliyetlerinden Kaynaklanan Nakit,Cash from Investment Operations,-22991459.0
PETUN,2024/9,4CB,Serbest Nakit Akım,Free Cash Flow,-16532987.0
PETUN,2024/9,4CBA,Finansal Borçlardaki Değişim,Change in Financial Debt,30967796.0
PETUN,2024/9,4CBB,Temettü Ödemeleri,Dividends Paid,-4008334.0
PETUN,2024/9,4CBC,Sermaye Artırımı,Rights Issue,0.0
PETUN,2024/9,4CBD,Diğer Finansman Faaliyetlerinden Nakit,Cash from Other Financial Operations,-8668987.0
PETUN,2024/9,4CBE,Finansman Faaliyetlerden Kaynaklanan Nakit,Cash from Financial Operations,18290475.0
PETUN,2024/9,4CBF,Yab. Para Çev. Fark. Etk. Önc.Nak.Ve Nak. Benz. Net Artış/Azalış,Cash Net Inc. / Dec. before For.Cur. Trans. Dif.,328931.0
PETUN,2024/9,4CBG,Yab.ı Para Çevrim Fark. Nakit Ve Nakit Benz. Üzerindeki Etkisi,Foreign Curr. Trans.Diff.Cash and Cash Benz. Imp.,14144.0
PETUN,2024/9,4CBH,Diğer Nakit Girişi/Çıkışı,Other Cash Inflow/Outflow,0.0
PETUN,2024/9,4CBI,Nakit ve Benzerlerindeki Değişim,Change in Cash & Cash Equivalents,343075.0
PETUN,2024/9,4CBJ,Diğer Nakit ve Nakit Benzerlerindeki Artış,Other Cash & Cash Equivalents Change,0.0
PETUN,2024/9,4CBK,Dönem Başı Nakit Değerler,Cash at the beginning of the Quarter,3055110.0
PETUN,2024/9,4CBL,Dönem Sonu Nakit,Cash at the End of the Quarter,3398184.0
PETUN,2025/3,1A,Dönen Varlıklar,CURRENT ASSETS,112811173.0
PETUN,2025/3,1AA,Nakit ve Nakit Benzerleri,Cash and Cash Equivalents,11769085.0
PETUN,2025/3,1AB,Finansal Yatırımlar,Short-Term Financial Investments,0.0
PETUN,2025/3,1AC,Ticari Alacaklar,Short-Term Trade Receivables,39096592.0
PETUN,2025/3,1AD,Finans Sektörü Faaliyetlerinden Alacaklar,Short-Term Receivables from Financial Operations,0.0
PETUN,2025/3,1AE,Diğer Alacaklar,Short-Term Other Receivables,29395200.0
PETUN,2025/3,1AEA,Müşteri Sözleşmelerinden Doğan Varlıklar,nan,0.0
PETUN,2025/3,1AF,Stoklar,Inventories,20599719.0
PETUN,2025/3,1AG,Canlı Varlıklar,Short-Term Live Assets,9165070.0
PETUN,2025/3,1AH,Diğer Dönen Varlıklar,Other Current Assets,2785507.0
PETUN,2025/3,1AI,(Ara Toplam),(Subtotal),112811173.0
PETUN,2025/3,1AJ,Satış Amacıyla Elde Tutulan Duran Varlıklar,Assets to be Sold,0.0
PETUN,2025/3,1AK,Duran Varlıklar,LONG TERM ASSETS,214359712.0
PETUN,2025/3,1B,Ticari Alacaklar,Trade Receivables,0.0
PETUN,2025/3,1BA,Finans Sektörü Faaliyetlerinden Alacaklar,Long-Term Receivables from Financial Operations,0.0
PETUN,2025/3,1BB,Diğer Alacaklar,Other Receivables,0.0
PETUN,2025/3,1BBA,Müşteri Sözleşmelerinden Doğan Varlıklar,nan,0.0
PETUN,2025/3,1BC,Finansal Yatırımlar,Financial Investments,6552329.0
PETUN,2025/3,1BD,Özkaynak Yöntemiyle Değerlenen Yatırımlar,Investments with Equity Method,35414681.0
PETUN,2025/3,1BE,Canlı Varlıklar,Long-Term Live Assets,0.0
PETUN,2025/3,1BF,Yatırım Amaçlı Gayrimenkuller,Real Estate Investments,7408887.0
PETUN,2025/3,1BFA,Stoklar,Stoklar,0.0
PETUN,2025/3,1BFAA,Kullanım Hakkı Varlıkları,nan,912652.0
PETUN,2025/3,1BG,Maddi Duran Varlıklar,Tangible Fixed Assets,162691443.0
PETUN,2025/3,1BGA,Şerefiye,Goodwill,0.0
PETUN,2025/3,1BH,Maddi Olmayan Duran Varlıklar,Intangible Fixed Assets,721177.0
PETUN,2025/3,1BJ,Ertelenmiş Vergi Varlığı,Long Term Deffered Tax Assets,0.0
PETUN,2025/3,1BK,Diğer Duran Varlıklar,Other Long-Term Assets,658543.0
PETUN,2025/3,1BL,TOPLAM VARLIKLAR,TOTAL ASSETS,327170885.0
PETUN,2025/3,1BM,KAYNAKLAR,LIABILITIES,0.0
PETUN,2025/3,2A,Kısa Vadeli Yükümlülükler,SHORT TERM LIABILITIES,80781324.0
PETUN,2025/3,2AA,Finansal Borçlar,Short-Term Financial Loans,40466082.0
PETUN,2025/3,2AAG,Diğer Finansal Yükümlülükler,Other Short-Term Financial Liabilities,1438300.0
PETUN,2025/3,2AAGAA,Ticari Borçlar,Short-Term Trade Payables,30872375.0
PETUN,2025/3,2AAGAB,Diğer Borçlar,Other Short-Term Loans,2666773.0
PETUN,2025/3,2AAGAC,Müşteri Söz. Doğan Yük.,nan,0.0
PETUN,2025/3,2AAGB,Finans Sektörü Faaliyetlerinden Borçlar,Short-Term Loans from Financial Operations,0.0
PETUN,2025/3,2AAGC,Devlet Teşvik ve Yardımları,Short-Term Government Promotions and Aids,0.0
PETUN,2025/3,2AAGCA,Ertelenmiş Gelirler (Müşteri Söz. Doğan Yük. Dış.Kal.),nan,65792.0
PETUN,2025/3,2AAGD,Dönem Karı Vergi Yükümlülüğü,Taxation Liabilities on Income (-),2198253.0
PETUN,2025/3,2AAGE,Borç Karşılıkları,Short-Term Provisions,1064203.0
PETUN,2025/3,2AAGF,Diğer Kısa Vadeli Yükümlülükler,Other Short-Term Liabilities,2009544.0
PETUN,2025/3,2AAGG,(Ara Toplam),(Subtotal),80781324.0
PETUN,2025/3,2AAGH,Satış Amaçlı Elde Tutulan Duran Varlıklara İlişkin Yükümlülükler,Liabilities on Assets to be Sold,0.0
PETUN,2025/3,2B,Uzun Vadeli Yükümlülükler,LONG TERM LIABILITIES,50929691.0
PETUN,2025/3,2BA,Finansal Borçlar,Long-Term Financial Loans,19038340.0
PETUN,2025/3,2BB,Diğer Finansal Yükümlülükler,Other Short-Term Financial Liabilities,0.0
PETUN,2025/3,2BBA,Ticari Borçlar,Long-Term Trade Payables,4811033.0
PETUN,2025/3,2BBB,Diğer Borçlar,Other Long-Term Loans,0.0
PETUN,2025/3,2BBBA,Müşteri Söz.Doğan Yük.,nan,0.0
PETUN,2025/3,2BC,Finans Sektörü Faaliyetlerinden Borçlar,Long-Term Loans from Financial Operations,0.0
PETUN,2025/3,2BD,Devlet Teşvik ve Yardımları,Long-Term Government Promotions and Aids,0.0
PETUN,2025/3,2BDA,Ertelenmiş Gelirler (Müşteri Söz.Doğan Yük. Dış.Kal.),nan,0.0
PETUN,2025/3,2BE,Uzun vadeli karşılıklar,Long-Term Provisions,5193149.0
PETUN,2025/3,2BF,Çalışanlara Sağlanan Faydalara İliş.Karş.,Provisions for Retirment Pay,0.0
PETUN,2025/3,2BG,Ertelenmiş Vergi Yükümlülüğü,Deferred Tax Liabilities,21887168.0
PETUN,2025/3,2BH,Diğer Uzun Vadeli Yükümlülükler,Other Long-Term Liabilities,0.0
PETUN,2025/3,2N,Özkaynaklar,SHAREHOLDERS EQUITY,195459870.0
PETUN,2025/3,2O,Ana Ortaklığa Ait Özkaynaklar,Parent Shareholders Capital,195459870.0
PETUN,2025/3,2OA,Ödenmiş Sermaye,Share Capital,8017852.0
PETUN,2025/3,2OC,Karşılıklı İştirak Sermayesi Düzeltmesi (-),Adjustments to Share Capital,0.0
PETUN,2025/3,2OCA,Hisse Senedi İhraç Primleri,Premium in Excess of Par,0.0
PETUN,2025/3,2OCB,Değer Artış Fonları,Market Value Surpluses,0.0
PETUN,2025/3,2OCC,Yabancı Para Çevrim Farkları,FX Translation Differences,0.0
PETUN,2025/3,2OCD,Kardan Ayrılan Kısıtlanmış Yedekler,Income Reserves,20561392.0
PETUN,2025/3,2OCE,Geçmiş Yıllar Kar/Zararları,Retained Earnings /(Acc. Losses),67467404.0
PETUN,2025/3,2OCF,Dönem Net Kar/Zararı,Current Year Income /(Losses),2141152.0
PETUN,2025/3,2OD,Diğer Özsermaye Kalemleri,Other Sholders Equity Items,97272071.0
PETUN,2025/3,2ODA,Azınlık Payları,Minority Interests,0.0
PETUN,2025/3,2ODB,TOPLAM KAYNAKLAR,TOTAL LIABILITIES AND S.HOLDERS EQUITY,327170885.0
PETUN,2025/3,3B,Sürdürülen Faaliyetler,Continuing Operations,0.0
PETUN,2025/3,3C,Satış Gelirleri,Net Sales,59119403.0
PETUN,2025/3,3CA,Satışların Maliyeti (-),Cost Of Sales,-44864434.0
PETUN,2025/3,3CAA,Ticari Faaliyetlerden Diğer Kar (Zarar),Other Profit (Loss) from Trade Operations,0.0
PETUN,2025/3,3CAB,Ticari Faaliyetlerden Brüt Kar (Zarar),Gross Profit (Loss) from Trade Operations,14254969.0
PETUN,2025/3,3CAC,"Faiz, Ücret, Prim, Komisyon ve Diğer Gelirler","Proceeds from Interest, Fee, Premium, Commission and Other",0.0
PETUN,2025/3,3CAD,"Faiz, Ücret, Prim, Komisyon ve Diğer Giderler (-)","Expenses from Interest, Fee, Premium, Commission and Other",0.0
PETUN,2025/3,3CAE,Finans Sektörü Faaliyetlerinden Diğer Kar (Zarar),Other Profit (Loss) from Financial Operations,0.0
PETUN,2025/3,3CAF,Finans Sektörü Faaliyetlerinden Brüt Kar (Zarar),Gross Profit (Loss) from Financial Operations,0.0
PETUN,2025/3,3CB,Diğer Gelir ve Giderler,Other Income (Expenses),-1524933.0
PETUN,2025/3,3D,BRÜT KAR (ZARAR),GROSS PROFIT (LOSS),12730036.0
PETUN,2025/3,3DA,"Pazarlama, Satış ve Dağıtım Giderleri (-)",Marketing Selling & Distrib. Expenses (-),-3715708.0
PETUN,2025/3,3DB,Genel Yönetim Giderleri (-),General Administrative Expenses (-),-2411640.0
PETUN,2025/3,3DC,Araştırma ve Geliştirme Giderleri (-),Research & Development Expenses (-),-161889.0
PETUN,2025/3,3DD,Diğer Faaliyet Gelirleri,Income from Other Operations,669691.0
PETUN,2025/3,3DE,Diğer Faaliyet Giderleri (-),Expenses from Other Operations (-),-527887.0
PETUN,2025/3,3DEA,Faaliyet Karı Öncesi Diğer Gelir ve Giderler,Other Income (Expenses) Before Operating Profits,0.0
PETUN,2025/3,3DF,FAALİYET KARI (ZARARI),OPERATING PROFITS,6582604.0
PETUN,2025/3,3H,Net Faaliyet Kar/Zararı,Net Operating Profits,6440800.0
PETUN,2025/3,3HA,Yatırım Faaliyetlerinden Gelirler,nan,4693.0
PETUN,2025/3,3HAA,Yatırım Faaliyetlerinden Giderler (-),nan,0.0
PETUN,2025/3,3HAB,Diğer Gelir ve Giderler,nan,0.0
PETUN,2025/3,3HAC,Özkaynak Yöntemiyle Değerlenen Yatırımların Kar/Zararlarındaki Paylar,Profit (Loss) from Subsidiaries,-2060006.0
PETUN,2025/3,3HACA,Finansman Gideri Öncesi Faaliyet Karı/Zararı,nan,4527290.0
PETUN,2025/3,3HB,(Esas Faaliyet Dışı) Finansal Gelirler,Financial Income (from Other Operations),3266369.0
PETUN,2025/3,3HC,(Esas Faaliyet Dışı) Finansal Giderler (-),Financial Expenses (from Other Operations) (-),-3459283.0
PETUN,2025/3,3HCA,Vergi Öncesi Diğer Gelir ve Giderler,Other Income (Expenses) Before Tax,4693.0
PETUN,2025/3,3I,SÜRDÜRÜLEN FAALİYETLER VERGİ ÖNCESİ KARI (ZARARI),PROFIT BEFORE TAX FROM CONTINUING OPERATIONS,4334377.0
PETUN,2025/3,3IA,Sürdürülen Faaliyetler Vergi Geliri (Gideri),Taxation on Continuing Operations,-2100033.0
PETUN,2025/3,3IB,Dönem Vergi Geliri (Gideri),Taxation on Income (Expenses),-1627047.0
PETUN,2025/3,3IC,Ertelenmiş Vergi Geliri (Gideri),Income (Expenses) of Deferred Tax,-472986.0
PETUN,2025/3,3ID,Diğer Vergi Geliri (Gideri),Other Taxation Income (Expenses),0.0
PETUN,2025/3,3J,SÜRDÜRÜLEN FAALİYETLER DÖNEM KARI/ZARARI,PROFIT FROM CONTINUING OPERATIONS,2234344.0
PETUN,2025/3,3K,DURDURULAN FAALİYETLER,DISCONTINUED OPERATIONS,0.0
PETUN,2025/3,3KA,Durdurulan Faaliyetler Vergi Sonrası Dönem Karı (Zararı),Profit After Taxes from Discontinued Operations,0.0
PETUN,2025/3,3L,DÖNEM KARI (ZARARI),NET PROFIT AFTER TAXES,2234344.0
PETUN,2025/3,3LA,Dönem Kar/Zararının Dağılımı,Distrubition of Profit (Loss),0.0
PETUN,2025/3,3LB,Azınlık Payları,Minority Interests,0.0
PETUN,2025/3,3Z,Ana Ortaklık Payları,Parent Shares,2234344.0
PETUN,2025/3,3ZD,Hisse Başına Kazanç,Earnings per Share,0.0
PETUN,2025/3,3ZE,Seyreltilmiş Hisse Başına Kazanç,Diluted Earnings per Share,0.0
PETUN,2025/3,3ZF,Sürdürülen Faaliyetlerden Hisse Başına Kazanç,Earnings per Share from Continuing Operations,0.0
PETUN,2025/3,3ZG,Sürdürülen Faaliyetlerden Seyreltilmiş Hisse Başına Kazanç,Earnings per Share from Discontinued Operations,0.0
PETUN,2025/3,4B,Amortisman Giderleri,Depreciation & Amortization,1692349.0
PETUN,2025/3,4BA,Kıdem Tazminatı,Severance Payments,97372.0
PETUN,2025/3,4BB,Finansman Giderleri,Financial Expenses,-3459283.0
PETUN,2025/3,4BC,Yurtiçi Satışlar,Domestic Sales,66831679.0
PETUN,2025/3,4BD,Yurtdışı Satışlar,Export Sales,907401.0
PETUN,2025/3,4BE,Net Yabancı Para Pozisyonu,Net Fx Position,-25694149.0
PETUN,2025/3,4BEA,Parasal net yabancı para varlık/(yükümlülük) pozisyonu,Parasal net yabancı para varlık/(yükümlülük) pozisyonu,-25694149.0
PETUN,2025/3,4BEB,Net YPP (Hedge Dahil),Net YPP (Hedge Dahil),-25694149.0
PETUN,2025/3,4C,İşletme Faaliyetlerinden Kaynaklanan Net Nakit,Net Cash from Operations,2628699.0
PETUN,2025/3,4CA,Düzeltme Öncesi Kar,Earnings Before Adjustments,2234344.0
PETUN,2025/3,4CAA,Düzeltmeler:,Adjustments:,7092848.0
PETUN,2025/3,4CAB,Amortisman & İtfa Payları,Depreciation & Amortisation,1692349.0
PETUN,2025/3,4CAC,Karşılıklardaki Değişim,Change in Provisions,97372.0
PETUN,2025/3,4CAD,Diğer Gelir/ Gider,Other Income / Expense,6983074.0
PETUN,2025/3,4CAE,İşletme Sermayesinde Değişikler Öncesi Faaliyet Karı (+),Operating Profit Before Changes in Working Capital (+),9327191.0
PETUN,2025/3,4CAF,İşletme Sermayesindeki Değişiklikler,Change in Working Capital,-6590122.0
PETUN,2025/3,4CAG,Esas Faaliyet ile İlgili Oluşan Nakit (+),Cash from Core Operations (+),2737069.0
PETUN,2025/3,4CAH,Diğer İşletme Faaliyetlerinden Nakit,Cash from Other Operations,-108370.0
PETUN,2025/3,4CAI,Sabit Sermaye Yatırımları,Capital Expenditures (CapEx),-1604970.0
PETUN,2025/3,4CAJ,Diğer Yatırım Faaliyetlerinden Nakit,Cash from Other Investment Operations,-9958877.0
PETUN,2025/3,4CAK,Yatırım Faaliyetlerinden Kaynaklanan Nakit,Cash from Investment Operations,-11563846.0
PETUN,2025/3,4CB,Serbest Nakit Akım,Free Cash Flow,-8935147.0
PETUN,2025/3,4CBA,Finansal Borçlardaki Değişim,Change in Financial Debt,20870094.0
PETUN,2025/3,4CBB,Temettü Ödemeleri,Dividends Paid,0.0
PETUN,2025/3,4CBC,Sermaye Artırımı,Rights Issue,0.0
PETUN,2025/3,4CBD,Diğer Finansman Faaliyetlerinden Nakit,Cash from Other Financial Operations,-2759835.0
PETUN,2025/3,4CBE,Finansman Faaliyetlerden Kaynaklanan Nakit,Cash from Financial Operations,18110258.0
PETUN,2025/3,4CBF,Yab. Para Çev. Fark. Etk. Önc.Nak.Ve Nak. Benz. Net Artış/Azalış,Cash Net Inc. / Dec. before For.Cur. Trans. Dif.,8251781.0
PETUN,2025/3,4CBG,Yab.ı Para Çevrim Fark. Nakit Ve Nakit Benz. Üzerindeki Etkisi,Foreign Curr. Trans.Diff.Cash and Cash Benz. Imp.,0.0
PETUN,2025/3,4CBH,Diğer Nakit Girişi/Çıkışı,Other Cash Inflow/Outflow,0.0
PETUN,2025/3,4CBI,Nakit ve Benzerlerindeki Değişim,Change in Cash & Cash Equivalents,8251781.0
PETUN,2025/3,4CBJ,Diğer Nakit ve Nakit Benzerlerindeki Artış,Other Cash & Cash Equivalents Change,0.0
PETUN,2025/3,4CBK,Dönem Başı Nakit Değerler,Cash at the beginning of the Quarter,4029545.0
PETUN,2025/3,4CBL,Dönem Sonu Nakit,Cash at the End of the Quarter,12281326.0
PETUN,2025/6,1A,Dönen Varlıklar,CURRENT ASSETS,112166361.0
PETUN,2025/6,1AA,Nakit ve Nakit Benzerleri,Cash and Cash Equivalents,2733974.0
PETUN,2025/6,1AB,Finansal Yatırımlar,Short-Term Financial Investments,0.0
PETUN,2025/6,1AC,Ticari Alacaklar,Short-Term Trade Receivables,42593243.0
PETUN,2025/6,1AD,Finans Sektörü Faaliyetlerinden Alacaklar,Short-Term Receivables from Financial Operations,0.0
PETUN,2025/6,1AE,Diğer Alacaklar,Short-Term Other Receivables,36871428.0
PETUN,2025/6,1AEA,Müşteri Sözleşmelerinden Doğan Varlıklar,nan,0.0
PETUN,2025/6,1AF,Stoklar,Inventories,23100302.0
PETUN,2025/6,1AG,Canlı Varlıklar,Short-Term Live Assets,4227567.0
PETUN,2025/6,1AH,Diğer Dönen Varlıklar,Other Current Assets,2639847.0
PETUN,2025/6,1AI,(Ara Toplam),(Subtotal),112166361.0
PETUN,2025/6,1AJ,Satış Amacıyla Elde Tutulan Duran Varlıklar,Assets to be Sold,0.0
PETUN,2025/6,1AK,Duran Varlıklar,LONG TERM ASSETS,216608444.0
PETUN,2025/6,1B,Ticari Alacaklar,Trade Receivables,0.0
PETUN,2025/6,1BA,Finans Sektörü Faaliyetlerinden Alacaklar,Long-Term Receivables from Financial Operations,0.0
PETUN,2025/6,1BB,Diğer Alacaklar,Other Receivables,0.0
PETUN,2025/6,1BBA,Müşteri Sözleşmelerinden Doğan Varlıklar,nan,0.0
PETUN,2025/6,1BC,Finansal Yatırımlar,Financial Investments,21737459.0
PETUN,2025/6,1BD,Özkaynak Yöntemiyle Değerlenen Yatırımlar,Investments with Equity Method,19612774.0
PETUN,2025/6,1BE,Canlı Varlıklar,Long-Term Live Assets,0.0
PETUN,2025/6,1BF,Yatırım Amaçlı Gayrimenkuller,Real Estate Investments,7463560.0
PETUN,2025/6,1BFA,Stoklar,Stoklar,0.0
PETUN,2025/6,1BFAA,Kullanım Hakkı Varlıkları,nan,697996.0
PETUN,2025/6,1BG,Maddi Duran Varlıklar,Tangible Fixed Assets,165320930.0
PETUN,2025/6,1BGA,Şerefiye,Goodwill,0.0
PETUN,2025/6,1BH,Maddi Olmayan Duran Varlıklar,Intangible Fixed Assets,745270.0
PETUN,2025/6,1BJ,Ertelenmiş Vergi Varlığı,Long Term Deffered Tax Assets,0.0
PETUN,2025/6,1BK,Diğer Duran Varlıklar,Other Long-Term Assets,1030455.0
PETUN,2025/6,1BL,TOPLAM VARLIKLAR,TOTAL ASSETS,328774805.0
PETUN,2025/6,1BM,KAYNAKLAR,LIABILITIES,0.0
PETUN,2025/6,2A,Kısa Vadeli Yükümlülükler,SHORT TERM LIABILITIES,83270943.0
PETUN,2025/6,2AA,Finansal Borçlar,Short-Term Financial Loans,46948201.0
PETUN,2025/6,2AAG,Diğer Finansal Yükümlülükler,Other Short-Term Financial Liabilities,1404919.0
PETUN,2025/6,2AAGAA,Ticari Borçlar,Short-Term Trade Payables,29616047.0
PETUN,2025/6,2AAGAB,Diğer Borçlar,Other Short-Term Loans,1807128.0
PETUN,2025/6,2AAGAC,Müşteri Söz. Doğan Yük.,nan,0.0
PETUN,2025/6,2AAGB,Finans Sektörü Faaliyetlerinden Borçlar,Short-Term Loans from Financial Operations,0.0
PETUN,2025/6,2AAGC,Devlet Teşvik ve Yardımları,Short-Term Government Promotions and Aids,0.0
PETUN,2025/6,2AAGCA,Ertelenmiş Gelirler (Müşteri Söz. Doğan Yük. Dış.Kal.),nan,21507.0
PETUN,2025/6,2AAGD,Dönem Karı Vergi Yükümlülüğü,Taxation Liabilities on Income (-),602276.0
PETUN,2025/6,2AAGE,Borç Karşılıkları,Short-Term Provisions,1248094.0
PETUN,2025/6,2AAGF,Diğer Kısa Vadeli Yükümlülükler,Other Short-Term Liabilities,1622772.0
PETUN,2025/6,2AAGG,(Ara Toplam),(Subtotal),83270943.0
PETUN,2025/6,2AAGH,Satış Amaçlı Elde Tutulan Duran Varlıklara İlişkin Yükümlülükler,Liabilities on Assets to be Sold,0.0
PETUN,2025/6,2B,Uzun Vadeli Yükümlülükler,LONG TERM LIABILITIES,47820904.0
PETUN,2025/6,2BA,Finansal Borçlar,Long-Term Financial Loans,20408799.0
PETUN,2025/6,2BB,Diğer Finansal Yükümlülükler,Other Short-Term Financial Liabilities,0.0
PETUN,2025/6,2BBA,Ticari Borçlar,Long-Term Trade Payables,0.0
PETUN,2025/6,2BBB,Diğer Borçlar,Other Long-Term Loans,0.0
PETUN,2025/6,2BBBA,Müşteri Söz.Doğan Yük.,nan,0.0
PETUN,2025/6,2BC,Finans Sektörü Faaliyetlerinden Borçlar,Long-Term Loans from Financial Operations,0.0
PETUN,2025/6,2BD,Devlet Teşvik ve Yardımları,Long-Term Government Promotions and Aids,0.0
PETUN,2025/6,2BDA,Ertelenmiş Gelirler (Müşteri Söz.Doğan Yük. Dış.Kal.),nan,0.0
PETUN,2025/6,2BE,Uzun vadeli karşılıklar,Long-Term Provisions,5672109.0
PETUN,2025/6,2BF,Çalışanlara Sağlanan Faydalara İliş.Karş.,Provisions for Retirment Pay,0.0
PETUN,2025/6,2BG,Ertelenmiş Vergi Yükümlülüğü,Deferred Tax Liabilities,21739996.0
PETUN,2025/6,2BH,Diğer Uzun Vadeli Yükümlülükler,Other Long-Term Liabilities,0.0
PETUN,2025/6,2N,Özkaynaklar,SHAREHOLDERS EQUITY,197682957.0
PETUN,2025/6,2O,Ana Ortaklığa Ait Özkaynaklar,Parent Shareholders Capital,197682957.0
PETUN,2025/6,2OA,Ödenmiş Sermaye,Share Capital,7619360.0
PETUN,2025/6,2OC,Karşılıklı İştirak Sermayesi Düzeltmesi (-),Adjustments to Share Capital,0.0
PETUN,2025/6,2OCA,Hisse Senedi İhraç Primleri,Premium in Excess of Par,0.0
PETUN,2025/6,2OCB,Değer Artış Fonları,Market Value Surpluses,0.0
PETUN,2025/6,2OCC,Yabancı Para Çevrim Farkları,FX Translation Differences,0.0
PETUN,2025/6,2OCD,Kardan Ayrılan Kısıtlanmış Yedekler,Income Reserves,20713160.0
PETUN,2025/6,2OCE,Geçmiş Yıllar Kar/Zararları,Retained Earnings /(Acc. Losses),73833753.0
PETUN,2025/6,2OCF,Dönem Net Kar/Zararı,Current Year Income /(Losses),3510399.0
PETUN,2025/6,2OD,Diğer Özsermaye Kalemleri,Other Sholders Equity Items,92006285.0
PETUN,2025/6,2ODA,Azınlık Payları,Minority Interests,0.0
PETUN,2025/6,2ODB,TOPLAM KAYNAKLAR,TOTAL LIABILITIES AND S.HOLDERS EQUITY,328774805.0
PETUN,2025/6,3B,Sürdürülen Faaliyetler,Continuing Operations,0.0
PETUN,2025/6,3C,Satış Gelirleri,Net Sales,123457788.0
PETUN,2025/6,3CA,Satışların Maliyeti (-),Cost Of Sales,-96757762.0
PETUN,2025/6,3CAA,Ticari Faaliyetlerden Diğer Kar (Zarar),Other Profit (Loss) from Trade Operations,0.0
PETUN,2025/6,3CAB,Ticari Faaliyetlerden Brüt Kar (Zarar),Gross Profit (Loss) from Trade Operations,26700027.0
PETUN,2025/6,3CAC,"Faiz, Ücret, Prim, Komisyon ve Diğer Gelirler","Proceeds from Interest, Fee, Premium, Commission and Other",0.0
PETUN,2025/6,3CAD,"Faiz, Ücret, Prim, Komisyon ve Diğer Giderler (-)","Expenses from Interest, Fee, Premium, Commission and Other",0.0
PETUN,2025/6,3CAE,Finans Sektörü Faaliyetlerinden Diğer Kar (Zarar),Other Profit (Loss) from Financial Operations,0.0
PETUN,2025/6,3CAF,Finans Sektörü Faaliyetlerinden Brüt Kar (Zarar),Gross Profit (Loss) from Financial Operations,0.0
PETUN,2025/6,3CB,Diğer Gelir ve Giderler,Other Income (Expenses),-2322012.0
PETUN,2025/6,3D,BRÜT KAR (ZARAR),GROSS PROFIT (LOSS),24378015.0
PETUN,2025/6,3DA,"Pazarlama, Satış ve Dağıtım Giderleri (-)",Marketing Selling & Distrib. Expenses (-),-8437416.0
PETUN,2025/6,3DB,Genel Yönetim Giderleri (-),General Administrative Expenses (-),-4575541.0
PETUN,2025/6,3DC,Araştırma ve Geliştirme Giderleri (-),Research & Development Expenses (-),-424457.0
PETUN,2025/6,3DD,Diğer Faaliyet Gelirleri,Income from Other Operations,1900223.0
PETUN,2025/6,3DE,Diğer Faaliyet Giderleri (-),Expenses from Other Operations (-),-834788.0
PETUN,2025/6,3DEA,Faaliyet Karı Öncesi Diğer Gelir ve Giderler,Other Income (Expenses) Before Operating Profits,0.0
PETUN,2025/6,3DF,FAALİYET KARI (ZARARI),OPERATING PROFITS,12006035.0
PETUN,2025/6,3H,Net Faaliyet Kar/Zararı,Net Operating Profits,10940600.0
PETUN,2025/6,3HA,Yatırım Faaliyetlerinden Gelirler,nan,2389932.0
PETUN,2025/6,3HAA,Yatırım Faaliyetlerinden Giderler (-),nan,-7947.0
PETUN,2025/6,3HAB,Diğer Gelir ve Giderler,nan,0.0
PETUN,2025/6,3HAC,Özkaynak Yöntemiyle Değerlenen Yatırımların Kar/Zararlarındaki Paylar,Profit (Loss) from Subsidiaries,-4318511.0
PETUN,2025/6,3HACA,Finansman Gideri Öncesi Faaliyet Karı/Zararı,nan,10069509.0
PETUN,2025/6,3HB,(Esas Faaliyet Dışı) Finansal Gelirler,Financial Income (from Other Operations),7351624.0
PETUN,2025/6,3HC,(Esas Faaliyet Dışı) Finansal Giderler (-),Financial Expenses (from Other Operations) (-),-10986837.0
PETUN,2025/6,3HCA,Vergi Öncesi Diğer Gelir ve Giderler,Other Income (Expenses) Before Tax,2381985.0
PETUN,2025/6,3I,SÜRDÜRÜLEN FAALİYETLER VERGİ ÖNCESİ KARI (ZARARI),PROFIT BEFORE TAX FROM CONTINUING OPERATIONS,6434296.0
PETUN,2025/6,3IA,Sürdürülen Faaliyetler Vergi Geliri (Gideri),Taxation on Continuing Operations,-2705813.0
PETUN,2025/6,3IB,Dönem Vergi Geliri (Gideri),Taxation on Income (Expenses),-2356662.0
PETUN,2025/6,3IC,Ertelenmiş Vergi Geliri (Gideri),Income (Expenses) of Deferred Tax,-349151.0
PETUN,2025/6,3ID,Diğer Vergi Geliri (Gideri),Other Taxation Income (Expenses),0.0
PETUN,2025/6,3J,SÜRDÜRÜLEN FAALİYETLER DÖNEM KARI/ZARARI,PROFIT FROM CONTINUING OPERATIONS,3728483.0
PETUN,2025/6,3K,DURDURULAN FAALİYETLER,DISCONTINUED OPERATIONS,0.0
PETUN,2025/6,3KA,Durdurulan Faaliyetler Vergi Sonrası Dönem Karı (Zararı),Profit After Taxes from Discontinued Operations,0.0
PETUN,2025/6,3L,DÖNEM KARI (ZARARI),NET PROFIT AFTER TAXES,3728483.0
PETUN,2025/6,3LA,Dönem Kar/Zararının Dağılımı,Distrubition of Profit (Loss),0.0
PETUN,2025/6,3LB,Azınlık Payları,Minority Interests,0.0
PETUN,2025/6,3Z,Ana Ortaklık Payları,Parent Shares,3728483.0
PETUN,2025/6,3ZD,Hisse Başına Kazanç,Earnings per Share,0.0
PETUN,2025/6,3ZE,Seyreltilmiş Hisse Başına Kazanç,Diluted Earnings per Share,0.0
PETUN,2025/6,3ZF,Sürdürülen Faaliyetlerden Hisse Başına Kazanç,Earnings per Share from Continuing Operations,0.0
PETUN,2025/6,3ZG,Sürdürülen Faaliyetlerden Seyreltilmiş Hisse Başına Kazanç,Earnings per Share from Discontinued Operations,0.0
PETUN,2025/6,4B,Amortisman Giderleri,Depreciation & Amortization,3601746.0
PETUN,2025/6,4BA,Kıdem Tazminatı,Severance Payments,589246.0
PETUN,2025/6,4BB,Finansman Giderleri,Financial Expenses,-10986837.0
PETUN,2025/6,4BC,Yurtiçi Satışlar,Domestic Sales,140233867.0
PETUN,2025/6,4BD,Yurtdışı Satışlar,Export Sales,2101565.0
PETUN,2025/6,4BE,Net Yabancı Para Pozisyonu,Net Fx Position,-22190691.0
PETUN,2025/6,4BEA,Parasal net yabancı para varlık/(yükümlülük) pozisyonu,Parasal net yabancı para varlık/(yükümlülük) pozisyonu,-22190691.0
PETUN,2025/6,4BEB,Net YPP (Hedge Dahil),Net YPP (Hedge Dahil),-22190691.0
PETUN,2025/6,4C,İşletme Faaliyetlerinden Kaynaklanan Net Nakit,Net Cash from Operations,-1123624.0
PETUN,2025/6,4CA,Düzeltme Öncesi Kar,Earnings Before Adjustments,3728483.0
PETUN,2025/6,4CAA,Düzeltmeler:,Adjustments:,13536741.0
PETUN,2025/6,4CAB,Amortisman & İtfa Payları,Depreciation & Amortisation,3601746.0
PETUN,2025/6,4CAC,Karşılıklardaki Değişim,Change in Provisions,589246.0
PETUN,2025/6,4CAD,Diğer Gelir/ Gider,Other Income / Expense,12001430.0
PETUN,2025/6,4CAE,İşletme Sermayesinde Değişikler Öncesi Faaliyet Karı (+),Operating Profit Before Changes in Working Capital (+),17265224.0
PETUN,2025/6,4CAF,İşletme Sermayesindeki Değişiklikler,Change in Working Capital,-15864085.0
PETUN,2025/6,4CAG,Esas Faaliyet ile İlgili Oluşan Nakit (+),Cash from Core Operations (+),1401139.0
PETUN,2025/6,4CAH,Diğer İşletme Faaliyetlerinden Nakit,Cash from Other Operations,-2524763.0
PETUN,2025/6,4CAI,Sabit Sermaye Yatırımları,Capital Expenditures (CapEx),-4767464.0
PETUN,2025/6,4CAJ,Diğer Yatırım Faaliyetlerinden Nakit,Cash from Other Investment Operations,-20875989.0
PETUN,2025/6,4CAK,Yatırım Faaliyetlerinden Kaynaklanan Nakit,Cash from Investment Operations,-25643453.0
PETUN,2025/6,4CB,Serbest Nakit Akım,Free Cash Flow,-26767077.0
PETUN,2025/6,4CBA,Finansal Borçlardaki Değişim,Change in Financial Debt,31519991.0
PETUN,2025/6,4CBB,Temettü Ödemeleri,Dividends Paid,0.0
PETUN,2025/6,4CBC,Sermaye Artırımı,Rights Issue,0.0
PETUN,2025/6,4CBD,Diğer Finansman Faaliyetlerinden Nakit,Cash from Other Financial Operations,-4608565.0
PETUN,2025/6,4CBE,Finansman Faaliyetlerden Kaynaklanan Nakit,Cash from Financial Operations,26911425.0
PETUN,2025/6,4CBF,Yab. Para Çev. Fark. Etk. Önc.Nak.Ve Nak. Benz. Net Artış/Azalış,Cash Net Inc. / Dec. before For.Cur. Trans. Dif.,-1282355.0
PETUN,2025/6,4CBG,Yab.ı Para Çevrim Fark. Nakit Ve Nakit Benz. Üzerindeki Etkisi,Foreign Curr. Trans.Diff.Cash and Cash Benz. Imp.,54533.0
PETUN,2025/6,4CBH,Diğer Nakit Girişi/Çıkışı,Other Cash Inflow/Outflow,0.0
PETUN,2025/6,4CBI,Nakit ve Benzerlerindeki Değişim,Change in Cash & Cash Equivalents,-1227822.0
PETUN,2025/6,4CBJ,Diğer Nakit ve Nakit Benzerlerindeki Artış,Other Cash & Cash Equivalents Change,0.0
PETUN,2025/6,4CBK,Dönem Başı Nakit Değerler,Cash at the beginning of the Quarter,4131644.0
PETUN,2025/6,4CBL,Dönem Sonu Nakit,Cash at the End of the Quarter,2903823.0
PETUN,2025/9,1A,Dönen Varlıklar,CURRENT ASSETS,119991960.0
PETUN,2025/9,1AA,Nakit ve Nakit Benzerleri,Cash and Cash Equivalents,3298107.0
PETUN,2025/9,1AB,Finansal Yatırımlar,Short-Term Financial Investments,0.0
PETUN,2025/9,1AC,Ticari Alacaklar,Short-Term Trade Receivables,46968541.0
PETUN,2025/9,1AD,Finans Sektörü Faaliyetlerinden Alacaklar,Short-Term Receivables from Financial Operations,0.0
PETUN,2025/9,1AE,Diğer Alacaklar,Short-Term Other Receivables,39390769.0
PETUN,2025/9,1AEA,Müşteri Sözleşmelerinden Doğan Varlıklar,nan,0.0
PETUN,2025/9,1AF,Stoklar,Inventories,18386760.0
PETUN,2025/9,1AG,Canlı Varlıklar,Short-Term Live Assets,8214295.0
PETUN,2025/9,1AH,Diğer Dönen Varlıklar,Other Current Assets,3733489.0
PETUN,2025/9,1AI,(Ara Toplam),(Subtotal),119991960.0
PETUN,2025/9,1AJ,Satış Amacıyla Elde Tutulan Duran Varlıklar,Assets to be Sold,0.0
PETUN,2025/9,1AK,Duran Varlıklar,LONG TERM ASSETS,220010287.0
PETUN,2025/9,1B,Ticari Alacaklar,Trade Receivables,0.0
PETUN,2025/9,1BA,Finans Sektörü Faaliyetlerinden Alacaklar,Long-Term Receivables from Financial Operations,0.0
PETUN,2025/9,1BB,Diğer Alacaklar,Other Receivables,0.0
PETUN,2025/9,1BBA,Müşteri Sözleşmelerinden Doğan Varlıklar,nan,0.0
PETUN,2025/9,1BC,Finansal Yatırımlar,Financial Investments,20812501.0
PETUN,2025/9,1BD,Özkaynak Yöntemiyle Değerlenen Yatırımlar,Investments with Equity Method,17701683.0
PETUN,2025/9,1BE,Canlı Varlıklar,Long-Term Live Assets,0.0
PETUN,2025/9,1BF,Yatırım Amaçlı Gayrimenkuller,Real Estate Investments,7682266.0
PETUN,2025/9,1BFA,Stoklar,Stoklar,0.0
PETUN,2025/9,1BFAA,Kullanım Hakkı Varlıkları,nan,860046.0
PETUN,2025/9,1BG,Maddi Duran Varlıklar,Tangible Fixed Assets,170479803.0
PETUN,2025/9,1BGA,Şerefiye,Goodwill,0.0
PETUN,2025/9,1BH,Maddi Olmayan Duran Varlıklar,Intangible Fixed Assets,721417.0
PETUN,2025/9,1BJ,Ertelenmiş Vergi Varlığı,Long Term Deffered Tax Assets,0.0
PETUN,2025/9,1BK,Diğer Duran Varlıklar,Other Long-Term Assets,1752571.0
PETUN,2025/9,1BL,TOPLAM VARLIKLAR,TOTAL ASSETS,340002247.0
PETUN,2025/9,1BM,KAYNAKLAR,LIABILITIES,0.0
PETUN,2025/9,2A,Kısa Vadeli Yükümlülükler,SHORT TERM LIABILITIES,87566314.0
PETUN,2025/9,2AA,Finansal Borçlar,Short-Term Financial Loans,47497864.0
PETUN,2025/9,2AAG,Diğer Finansal Yükümlülükler,Other Short-Term Financial Liabilities,1694302.0
PETUN,2025/9,2AAGAA,Ticari Borçlar,Short-Term Trade Payables,32911060.0
PETUN,2025/9,2AAGAB,Diğer Borçlar,Other Short-Term Loans,2163210.0
PETUN,2025/9,2AAGAC,Müşteri Söz. Doğan Yük.,nan,0.0
PETUN,2025/9,2AAGB,Finans Sektörü Faaliyetlerinden Borçlar,Short-Term Loans from Financial Operations,0.0
PETUN,2025/9,2AAGC,Devlet Teşvik ve Yardımları,Short-Term Government Promotions and Aids,0.0
PETUN,2025/9,2AAGCA,Ertelenmiş Gelirler (Müşteri Söz. Doğan Yük. Dış.Kal.),nan,12856.0
PETUN,2025/9,2AAGD,Dönem Karı Vergi Yükümlülüğü,Taxation Liabilities on Income (-),767931.0
PETUN,2025/9,2AAGE,Borç Karşılıkları,Short-Term Provisions,1201232.0
PETUN,2025/9,2AAGF,Diğer Kısa Vadeli Yükümlülükler,Other Short-Term Liabilities,1317859.0
PETUN,2025/9,2AAGG,(Ara Toplam),(Subtotal),87566314.0
PETUN,2025/9,2AAGH,Satış Amaçlı Elde Tutulan Duran Varlıklara İlişkin Yükümlülükler,Liabilities on Assets to be Sold,0.0
PETUN,2025/9,2B,Uzun Vadeli Yükümlülükler,LONG TERM LIABILITIES,47741494.0
PETUN,2025/9,2BA,Finansal Borçlar,Long-Term Financial Loans,19912185.0
PETUN,2025/9,2BB,Diğer Finansal Yükümlülükler,Other Short-Term Financial Liabilities,0.0
PETUN,2025/9,2BBA,Ticari Borçlar,Long-Term Trade Payables,0.0
PETUN,2025/9,2BBB,Diğer Borçlar,Other Long-Term Loans,0.0
PETUN,2025/9,2BBBA,Müşteri Söz.Doğan Yük.,nan,0.0
PETUN,2025/9,2BC,Finans Sektörü Faaliyetlerinden Borçlar,Long-Term Loans from Financial Operations,0.0
PETUN,2025/9,2BD,Devlet Teşvik ve Yardımları,Long-Term Government Promotions and Aids,0.0
PETUN,2025/9,2BDA,Ertelenmiş Gelirler (Müşteri Söz.Doğan Yük. Dış.Kal.),nan,0.0
PETUN,2025/9,2BE,Uzun vadeli karşılıklar,Long-Term Provisions,5443481.0
PETUN,2025/9,2BF,Çalışanlara Sağlanan Faydalara İliş.Karş.,Provisions for Retirment Pay,0.0
PETUN,2025/9,2BG,Ertelenmiş Vergi Yükümlülüğü,Deferred Tax Liabilities,22385829.0
PETUN,2025/9,2BH,Diğer Uzun Vadeli Yükümlülükler,Other Long-Term Liabilities,0.0
PETUN,2025/9,2N,Özkaynaklar,SHAREHOLDERS EQUITY,204694439.0
PETUN,2025/9,2O,Ana Ortaklığa Ait Özkaynaklar,Parent Shareholders Capital,204694439.0
PETUN,2025/9,2OA,Ödenmiş Sermaye,Share Capital,7295174.0
PETUN,2025/9,2OC,Karşılıklı İştirak Sermayesi Düzeltmesi (-),Adjustments to Share Capital,0.0
PETUN,2025/9,2OCA,Hisse Senedi İhraç Primleri,Premium in Excess of Par,0.0
PETUN,2025/9,2OCB,Değer Artış Fonları,Market Value Surpluses,0.0
PETUN,2025/9,2OCC,Yabancı Para Çevrim Farkları,FX Translation Differences,0.0
PETUN,2025/9,2OCD,Kardan Ayrılan Kısıtlanmış Yedekler,Income Reserves,21320122.0
PETUN,2025/9,2OCE,Geçmiş Yıllar Kar/Zararları,Retained Earnings /(Acc. Losses),76120245.0
PETUN,2025/9,2OCF,Dönem Net Kar/Zararı,Current Year Income /(Losses),7062552.0
PETUN,2025/9,2OD,Diğer Özsermaye Kalemleri,Other Sholders Equity Items,92896346.0
PETUN,2025/9,2ODA,Azınlık Payları,Minority Interests,0.0
PETUN,2025/9,2ODB,TOPLAM KAYNAKLAR,TOTAL LIABILITIES AND S.HOLDERS EQUITY,340002247.0
PETUN,2025/9,3B,Sürdürülen Faaliyetler,Continuing Operations,0.0
PETUN,2025/9,3C,Satış Gelirleri,Net Sales,199915616.0
PETUN,2025/9,3CA,Satışların Maliyeti (-),Cost Of Sales,-160277832.0
PETUN,2025/9,3CAA,Ticari Faaliyetlerden Diğer Kar (Zarar),Other Profit (Loss) from Trade Operations,0.0
PETUN,2025/9,3CAB,Ticari Faaliyetlerden Brüt Kar (Zarar),Gross Profit (Loss) from Trade Operations,39637785.0
PETUN,2025/9,3CAC,"Faiz, Ücret, Prim, Komisyon ve Diğer Gelirler","Proceeds from Interest, Fee, Premium, Commission and Other",0.0
PETUN,2025/9,3CAD,"Faiz, Ücret, Prim, Komisyon ve Diğer Giderler (-)","Expenses from Interest, Fee, Premium, Commission and Other",0.0
PETUN,2025/9,3CAE,Finans Sektörü Faaliyetlerinden Diğer Kar (Zarar),Other Profit (Loss) from Financial Operations,0.0
PETUN,2025/9,3CAF,Finans Sektörü Faaliyetlerinden Brüt Kar (Zarar),Gross Profit (Loss) from Financial Operations,0.0
PETUN,2025/9,3CB,Diğer Gelir ve Giderler,Other Income (Expenses),-1654270.0
PETUN,2025/9,3D,BRÜT KAR (ZARAR),GROSS PROFIT (LOSS),37983515.0
PETUN,2025/9,3DA,"Pazarlama, Satış ve Dağıtım Giderleri (-)",Marketing Selling & Distrib. Expenses (-),-13118468.0
PETUN,2025/9,3DB,Genel Yönetim Giderleri (-),General Administrative Expenses (-),-6691911.0
PETUN,2025/9,3DC,Araştırma ve Geliştirme Giderleri (-),Research & Development Expenses (-),-722636.0
PETUN,2025/9,3DD,Diğer Faaliyet Gelirleri,Income from Other Operations,3209269.0
PETUN,2025/9,3DE,Diğer Faaliyet Giderleri (-),Expenses from Other Operations (-),-1344996.0
PETUN,2025/9,3DEA,Faaliyet Karı Öncesi Diğer Gelir ve Giderler,Other Income (Expenses) Before Operating Profits,0.0
PETUN,2025/9,3DF,FAALİYET KARI (ZARARI),OPERATING PROFITS,19314774.0
PETUN,2025/9,3H,Net Faaliyet Kar/Zararı,Net Operating Profits,17450500.0
PETUN,2025/9,3HA,Yatırım Faaliyetlerinden Gelirler,nan,2492277.0
PETUN,2025/9,3HAA,Yatırım Faaliyetlerinden Giderler (-),nan,-7998.0
PETUN,2025/9,3HAB,Diğer Gelir ve Giderler,nan,0.0
PETUN,2025/9,3HAC,Özkaynak Yöntemiyle Değerlenen Yatırımların Kar/Zararlarındaki Paylar,Profit (Loss) from Subsidiaries,-5867657.0
PETUN,2025/9,3HACA,Finansman Gideri Öncesi Faaliyet Karı/Zararı,nan,15931396.0
PETUN,2025/9,3HB,(Esas Faaliyet Dışı) Finansal Gelirler,Financial Income (from Other Operations),12888085.0
PETUN,2025/9,3HC,(Esas Faaliyet Dışı) Finansal Giderler (-),Financial Expenses (from Other Operations) (-),-17607124.0
PETUN,2025/9,3HCA,Vergi Öncesi Diğer Gelir ve Giderler,Other Income (Expenses) Before Tax,2484279.0
PETUN,2025/9,3I,SÜRDÜRÜLEN FAALİYETLER VERGİ ÖNCESİ KARI (ZARARI),PROFIT BEFORE TAX FROM CONTINUING OPERATIONS,11212358.0
PETUN,2025/9,3IA,Sürdürülen Faaliyetler Vergi Geliri (Gideri),Taxation on Continuing Operations,-3611591.0
PETUN,2025/9,3IB,Dönem Vergi Geliri (Gideri),Taxation on Income (Expenses),-3101344.0
PETUN,2025/9,3IC,Ertelenmiş Vergi Geliri (Gideri),Income (Expenses) of Deferred Tax,-510246.0
PETUN,2025/9,3ID,Diğer Vergi Geliri (Gideri),Other Taxation Income (Expenses),0.0
PETUN,2025/9,3J,SÜRDÜRÜLEN FAALİYETLER DÖNEM KARI/ZARARI,PROFIT FROM CONTINUING OPERATIONS,7600767.0
PETUN,2025/9,3K,DURDURULAN FAALİYETLER,DISCONTINUED OPERATIONS,0.0
PETUN,2025/9,3KA,Durdurulan Faaliyetler Vergi Sonrası Dönem Karı (Zararı),Profit After Taxes from Discontinued Operations,0.0
PETUN,2025/9,3L,DÖNEM KARI (ZARARI),NET PROFIT AFTER TAXES,7600767.0
PETUN,2025/9,3LA,Dönem Kar/Zararının Dağılımı,Distrubition of Profit (Loss),0.0
PETUN,2025/9,3LB,Azınlık Payları,Minority Interests,0.0
PETUN,2025/9,3Z,Ana Ortaklık Payları,Parent Shares,7600767.0
PETUN,2025/9,3ZD,Hisse Başına Kazanç,Earnings per Share,0.0
PETUN,2025/9,3ZE,Seyreltilmiş Hisse Başına Kazanç,Diluted Earnings per Share,0.0
PETUN,2025/9,3ZF,Sürdürülen Faaliyetlerden Hisse Başına Kazanç,Earnings per Share from Continuing Operations,0.0
PETUN,2025/9,3ZG,Sürdürülen Faaliyetlerden Seyreltilmiş Hisse Başına Kazanç,Earnings per Share from Discontinued Operations,0.0
PETUN,2025/9,4B,Amortisman Giderleri,Depreciation & Amortization,5610376.0
PETUN,2025/9,4BA,Kıdem Tazminatı,Severance Payments,499584.0
PETUN,2025/9,4BB,Finansman Giderleri,Financial Expenses,-17607124.0
PETUN,2025/9,4BC,Yurtiçi Satışlar,Domestic Sales,226470464.0
PETUN,2025/9,4BD,Yurtdışı Satışlar,Export Sales,3549530.0
PETUN,2025/9,4BE,Net Yabancı Para Pozisyonu,Net Fx Position,-20044976.0
PETUN,2025/9,4BEA,Parasal net yabancı para varlık/(yükümlülük) pozisyonu,Parasal net yabancı para varlık/(yükümlülük) pozisyonu,-20044976.0
PETUN,2025/9,4BEB,Net YPP (Hedge Dahil),Net YPP (Hedge Dahil),-20044976.0
PETUN,2025/9,4C,İşletme Faaliyetlerinden Kaynaklanan Net Nakit,Net Cash from Operations,4909051.0
PETUN,2025/9,4CA,Düzeltme Öncesi Kar,Earnings Before Adjustments,7600767.0
PETUN,2025/9,4CAA,Düzeltmeler:,Adjustments:,18468233.0
PETUN,2025/9,4CAB,Amortisman & İtfa Payları,Depreciation & Amortisation,5610376.0
PETUN,2025/9,4CAC,Karşılıklardaki Değişim,Change in Provisions,695489.0
PETUN,2025/9,4CAD,Diğer Gelir/ Gider,Other Income / Expense,16459244.0
PETUN,2025/9,4CAE,İşletme Sermayesinde Değişikler Öncesi Faaliyet Karı (+),Operating Profit Before Changes in Working Capital (+),26069000.0
PETUN,2025/9,4CAF,İşletme Sermayesindeki Değişiklikler,Change in Working Capital,-18046502.0
PETUN,2025/9,4CAG,Esas Faaliyet ile İlgili Oluşan Nakit (+),Cash from Core Operations (+),8022498.0
PETUN,2025/9,4CAH,Diğer İşletme Faaliyetlerinden Nakit,Cash from Other Operations,-3113447.0
PETUN,2025/9,4CAI,Sabit Sermaye Yatırımları,Capital Expenditures (CapEx),-7028319.0
PETUN,2025/9,4CAJ,Diğer Yatırım Faaliyetlerinden Nakit,Cash from Other Investment Operations,-25879114.0
PETUN,2025/9,4CAK,Yatırım Faaliyetlerinden Kaynaklanan Nakit,Cash from Investment Operations,-32907433.0
PETUN,2025/9,4CB,Serbest Nakit Akım,Free Cash Flow,-27998382.0
PETUN,2025/9,4CBA,Finansal Borçlardaki Değişim,Change in Financial Debt,34435468.0
PETUN,2025/9,4CBB,Temettü Ödemeleri,Dividends Paid,0.0
PETUN,2025/9,4CBC,Sermaye Artırımı,Rights Issue,0.0
PETUN,2025/9,4CBD,Diğer Finansman Faaliyetlerinden Nakit,Cash from Other Financial Operations,-5499487.0
PETUN,2025/9,4CBE,Finansman Faaliyetlerden Kaynaklanan Nakit,Cash from Financial Operations,28935980.0
PETUN,2025/9,4CBF,Yab. Para Çev. Fark. Etk. Önc.Nak.Ve Nak. Benz. Net Artış/Azalış,Cash Net Inc. / Dec. before For.Cur. Trans. Dif.,-854361.0
PETUN,2025/9,4CBG,Yab.ı Para Çevrim Fark. Nakit Ve Nakit Benz. Üzerindeki Etkisi,Foreign Curr. Trans.Diff.Cash and Cash Benz. Imp.,94709.0
PETUN,2025/9,4CBH,Diğer Nakit Girişi/Çıkışı,Other Cash Inflow/Outflow,0.0
PETUN,2025/9,4CBI,Nakit ve Benzerlerindeki Değişim,Change in Cash & Cash Equivalents,-759653.0
PETUN,2025/9,4CBJ,Diğer Nakit ve Nakit Benzerlerindeki Artış,Other Cash & Cash Equivalents Change,0.0
PETUN,2025/9,4CBK,Dönem Başı Nakit Değerler,Cash at the beginning of the Quarter,4309098.0
PETUN,2025/9,4CBL,Dönem Sonu Nakit,Cash at the End of the Quarter,3549445.0
