symbol,period,item_code,item_name_tr,item_name_en,value
SNGYO,2020/12,1A,Dönen Varlıklar,CURRENT ASSETS,341467796.0
SNGYO,2020/12,1AA,Nakit ve Nakit Benzerleri,Cash and Cash Equivalents,9500321.0
SNGYO,2020/12,1AB,Finansal Yatırımlar,Short-Term Financial Investments,0.0
SNGYO,2020/12,1AC,Ticari Alacaklar,Short-Term Trade Receivables,60082800.0
SNGYO,2020/12,1AD,Finans Sektörü Faaliyetlerinden Alacaklar,Short-Term Receivables from Financial Operations,0.0
SNGYO,2020/12,1AE,Diğer Alacaklar,Short-Term Other Receivables,3128651.0
SNGYO,2020/12,1AEA,Müşteri Sözleşmelerinden Doğan Varlıklar,nan,0.0
SNGYO,2020/12,1AF,Stoklar,Inventories,199355472.0
SNGYO,2020/12,1AG,Canlı Varlıklar,Short-Term Live Assets,0.0
SNGYO,2020/12,1AH,Diğer Dönen Varlıklar,Other Current Assets,66984850.0
SNGYO,2020/12,1AI,(Ara Toplam),(Subtotal),339052095.0
SNGYO,2020/12,1AJ,Satış Amacıyla Elde Tutulan Duran Varlıklar,Assets to be Sold,2415701.0
SNGYO,2020/12,1AK,Duran Varlıklar,LONG TERM ASSETS,439758674.0
SNGYO,2020/12,1B,Ticari Alacaklar,Trade Receivables,12426765.0
SNGYO,2020/12,1BA,Finans Sektörü Faaliyetlerinden Alacaklar,Long-Term Receivables from Financial Operations,0.0
SNGYO,2020/12,1BB,Diğer Alacaklar,Other Receivables,140460.0
SNGYO,2020/12,1BBA,Müşteri Sözleşmelerinden Doğan Varlıklar,nan,0.0
SNGYO,2020/12,1BC,Finansal Yatırımlar,Financial Investments,0.0
SNGYO,2020/12,1BD,Özkaynak Yöntemiyle Değerlenen Yatırımlar,Investments with Equity Method,1897885.0
SNGYO,2020/12,1BE,Canlı Varlıklar,Long-Term Live Assets,0.0
SNGYO,2020/12,1BF,Yatırım Amaçlı Gayrimenkuller,Real Estate Investments,335657808.0
SNGYO,2020/12,1BFA,Stoklar,Stoklar,84596406.0
SNGYO,2020/12,1BFAA,Kullanım Hakkı Varlıkları,nan,2614267.0
SNGYO,2020/12,1BG,Maddi Duran Varlıklar,Tangible Fixed Assets,2198982.0
SNGYO,2020/12,1BGA,Şerefiye,Goodwill,0.0
SNGYO,2020/12,1BH,Maddi Olmayan Duran Varlıklar,Intangible Fixed Assets,105885.0
SNGYO,2020/12,1BJ,Ertelenmiş Vergi Varlığı,Long Term Deffered Tax Assets,0.0
SNGYO,2020/12,1BK,Diğer Duran Varlıklar,Other Long-Term Assets,120215.0
SNGYO,2020/12,1BL,TOPLAM VARLIKLAR,TOTAL ASSETS,781226469.0
SNGYO,2020/12,1BM,KAYNAKLAR,LIABILITIES,0.0
SNGYO,2020/12,2A,Kısa Vadeli Yükümlülükler,SHORT TERM LIABILITIES,309448349.0
SNGYO,2020/12,2AA,Finansal Borçlar,Short-Term Financial Loans,249459505.0
SNGYO,2020/12,2AAG,Diğer Finansal Yükümlülükler,Other Short-Term Financial Liabilities,0.0
SNGYO,2020/12,2AAGAA,Ticari Borçlar,Short-Term Trade Payables,36350393.0
SNGYO,2020/12,2AAGAB,Diğer Borçlar,Other Short-Term Loans,1418542.0
SNGYO,2020/12,2AAGAC,Müşteri Söz. Doğan Yük.,nan,0.0
SNGYO,2020/12,2AAGB,Finans Sektörü Faaliyetlerinden Borçlar,Short-Term Loans from Financial Operations,0.0
SNGYO,2020/12,2AAGC,Devlet Teşvik ve Yardımları,Short-Term Government Promotions and Aids,0.0
SNGYO,2020/12,2AAGCA,Ertelenmiş Gelirler (Müşteri Söz. Doğan Yük. Dış.Kal.),nan,21033023.0
SNGYO,2020/12,2AAGD,Dönem Karı Vergi Yükümlülüğü,Taxation Liabilities on Income (-),0.0
SNGYO,2020/12,2AAGE,Borç Karşılıkları,Short-Term Provisions,431270.0
SNGYO,2020/12,2AAGF,Diğer Kısa Vadeli Yükümlülükler,Other Short-Term Liabilities,755617.0
SNGYO,2020/12,2AAGG,(Ara Toplam),(Subtotal),309448349.0
SNGYO,2020/12,2AAGH,Satış Amaçlı Elde Tutulan Duran Varlıklara İlişkin Yükümlülükler,Liabilities on Assets to be Sold,0.0
SNGYO,2020/12,2B,Uzun Vadeli Yükümlülükler,LONG TERM LIABILITIES,375921421.0
SNGYO,2020/12,2BA,Finansal Borçlar,Long-Term Financial Loans,300422461.0
SNGYO,2020/12,2BB,Diğer Finansal Yükümlülükler,Other Short-Term Financial Liabilities,0.0
SNGYO,2020/12,2BBA,Ticari Borçlar,Long-Term Trade Payables,0.0
SNGYO,2020/12,2BBB,Diğer Borçlar,Other Long-Term Loans,4076325.0
SNGYO,2020/12,2BBBA,Müşteri Söz.Doğan Yük.,nan,0.0
SNGYO,2020/12,2BC,Finans Sektörü Faaliyetlerinden Borçlar,Long-Term Loans from Financial Operations,0.0
SNGYO,2020/12,2BD,Devlet Teşvik ve Yardımları,Long-Term Government Promotions and Aids,0.0
SNGYO,2020/12,2BDA,Ertelenmiş Gelirler (Müşteri Söz.Doğan Yük. Dış.Kal.),nan,70778933.0
SNGYO,2020/12,2BE,Uzun vadeli karşılıklar,Long-Term Provisions,643701.0
SNGYO,2020/12,2BF,Çalışanlara Sağlanan Faydalara İliş.Karş.,Provisions for Retirment Pay,0.0
SNGYO,2020/12,2BG,Ertelenmiş Vergi Yükümlülüğü,Deferred Tax Liabilities,0.0
SNGYO,2020/12,2BH,Diğer Uzun Vadeli Yükümlülükler,Other Long-Term Liabilities,0.0
SNGYO,2020/12,2N,Özkaynaklar,SHAREHOLDERS EQUITY,95856699.0
SNGYO,2020/12,2O,Ana Ortaklığa Ait Özkaynaklar,Parent Shareholders Capital,95856699.0
SNGYO,2020/12,2OA,Ödenmiş Sermaye,Share Capital,117479978.0
SNGYO,2020/12,2OC,Karşılıklı İştirak Sermayesi Düzeltmesi (-),Adjustments to Share Capital,0.0
SNGYO,2020/12,2OCA,Hisse Senedi İhraç Primleri,Premium in Excess of Par,0.0
SNGYO,2020/12,2OCB,Değer Artış Fonları,Market Value Surpluses,0.0
SNGYO,2020/12,2OCC,Yabancı Para Çevrim Farkları,FX Translation Differences,0.0
SNGYO,2020/12,2OCD,Kardan Ayrılan Kısıtlanmış Yedekler,Income Reserves,14665929.0
SNGYO,2020/12,2OCE,Geçmiş Yıllar Kar/Zararları,Retained Earnings /(Acc. Losses),-35159518.0
SNGYO,2020/12,2OCF,Dönem Net Kar/Zararı,Current Year Income /(Losses),19944331.0
SNGYO,2020/12,2OD,Diğer Özsermaye Kalemleri,Other Sholders Equity Items,-21074021.0
SNGYO,2020/12,2ODA,Azınlık Payları,Minority Interests,0.0
SNGYO,2020/12,2ODB,TOPLAM KAYNAKLAR,TOTAL LIABILITIES AND S.HOLDERS EQUITY,781226469.0
SNGYO,2020/12,3B,Sürdürülen Faaliyetler,Continuing Operations,0.0
SNGYO,2020/12,3C,Satış Gelirleri,Net Sales,282939699.0
SNGYO,2020/12,3CA,Satışların Maliyeti (-),Cost Of Sales,-172414290.0
SNGYO,2020/12,3CAA,Ticari Faaliyetlerden Diğer Kar (Zarar),Other Profit (Loss) from Trade Operations,0.0
SNGYO,2020/12,3CAB,Ticari Faaliyetlerden Brüt Kar (Zarar),Gross Profit (Loss) from Trade Operations,110525410.0
SNGYO,2020/12,3CAC,"Faiz, Ücret, Prim, Komisyon ve Diğer Gelirler","Proceeds from Interest, Fee, Premium, Commission and Other",0.0
SNGYO,2020/12,3CAD,"Faiz, Ücret, Prim, Komisyon ve Diğer Giderler (-)","Expenses from Interest, Fee, Premium, Commission and Other",0.0
SNGYO,2020/12,3CAE,Finans Sektörü Faaliyetlerinden Diğer Kar (Zarar),Other Profit (Loss) from Financial Operations,0.0
SNGYO,2020/12,3CAF,Finans Sektörü Faaliyetlerinden Brüt Kar (Zarar),Gross Profit (Loss) from Financial Operations,0.0
SNGYO,2020/12,3CB,Diğer Gelir ve Giderler,Other Income (Expenses),0.0
SNGYO,2020/12,3D,BRÜT KAR (ZARAR),GROSS PROFIT (LOSS),110525410.0
SNGYO,2020/12,3DA,"Pazarlama, Satış ve Dağıtım Giderleri (-)",Marketing Selling & Distrib. Expenses (-),-7601185.0
SNGYO,2020/12,3DB,Genel Yönetim Giderleri (-),General Administrative Expenses (-),-5435062.0
SNGYO,2020/12,3DC,Araştırma ve Geliştirme Giderleri (-),Research & Development Expenses (-),0.0
SNGYO,2020/12,3DD,Diğer Faaliyet Gelirleri,Income from Other Operations,60118690.0
SNGYO,2020/12,3DE,Diğer Faaliyet Giderleri (-),Expenses from Other Operations (-),-36987943.0
SNGYO,2020/12,3DEA,Faaliyet Karı Öncesi Diğer Gelir ve Giderler,Other Income (Expenses) Before Operating Profits,39933644.0
SNGYO,2020/12,3DF,FAALİYET KARI (ZARARI),OPERATING PROFITS,160553554.0
SNGYO,2020/12,3H,Net Faaliyet Kar/Zararı,Net Operating Profits,137422808.0
SNGYO,2020/12,3HA,Yatırım Faaliyetlerinden Gelirler,nan,0.0
SNGYO,2020/12,3HAA,Yatırım Faaliyetlerinden Giderler (-),nan,0.0
SNGYO,2020/12,3HAB,Diğer Gelir ve Giderler,nan,0.0
SNGYO,2020/12,3HAC,Özkaynak Yöntemiyle Değerlenen Yatırımların Kar/Zararlarındaki Paylar,Profit (Loss) from Subsidiaries,75015.0
SNGYO,2020/12,3HACA,Finansman Gideri Öncesi Faaliyet Karı/Zararı,nan,160628570.0
SNGYO,2020/12,3HB,(Esas Faaliyet Dışı) Finansal Gelirler,Financial Income (from Other Operations),2184.0
SNGYO,2020/12,3HC,(Esas Faaliyet Dışı) Finansal Giderler (-),Financial Expenses (from Other Operations) (-),-139536583.0
SNGYO,2020/12,3HCA,Vergi Öncesi Diğer Gelir ve Giderler,Other Income (Expenses) Before Tax,0.0
SNGYO,2020/12,3I,SÜRDÜRÜLEN FAALİYETLER VERGİ ÖNCESİ KARI (ZARARI),PROFIT BEFORE TAX FROM CONTINUING OPERATIONS,21094170.0
SNGYO,2020/12,3IA,Sürdürülen Faaliyetler Vergi Geliri (Gideri),Taxation on Continuing Operations,0.0
SNGYO,2020/12,3IB,Dönem Vergi Geliri (Gideri),Taxation on Income (Expenses),0.0
SNGYO,2020/12,3IC,Ertelenmiş Vergi Geliri (Gideri),Income (Expenses) of Deferred Tax,0.0
SNGYO,2020/12,3ID,Diğer Vergi Geliri (Gideri),Other Taxation Income (Expenses),0.0
SNGYO,2020/12,3J,SÜRDÜRÜLEN FAALİYETLER DÖNEM KARI/ZARARI,PROFIT FROM CONTINUING OPERATIONS,21094170.0
SNGYO,2020/12,3K,DURDURULAN FAALİYETLER,DISCONTINUED OPERATIONS,0.0
SNGYO,2020/12,3KA,Durdurulan Faaliyetler Vergi Sonrası Dönem Karı (Zararı),Profit After Taxes from Discontinued Operations,0.0
SNGYO,2020/12,3L,DÖNEM KARI (ZARARI),NET PROFIT AFTER TAXES,21094170.0
SNGYO,2020/12,3LA,Dönem Kar/Zararının Dağılımı,Distrubition of Profit (Loss),0.0
SNGYO,2020/12,3LB,Azınlık Payları,Minority Interests,0.0
SNGYO,2020/12,3Z,Ana Ortaklık Payları,Parent Shares,21094170.0
SNGYO,2020/12,3ZD,Hisse Başına Kazanç,Earnings per Share,0.0
SNGYO,2020/12,3ZE,Seyreltilmiş Hisse Başına Kazanç,Diluted Earnings per Share,0.0
SNGYO,2020/12,3ZF,Sürdürülen Faaliyetlerden Hisse Başına Kazanç,Earnings per Share from Continuing Operations,0.0
SNGYO,2020/12,3ZG,Sürdürülen Faaliyetlerden Seyreltilmiş Hisse Başına Kazanç,Earnings per Share from Discontinued Operations,0.0
SNGYO,2020/12,4B,Amortisman Giderleri,Depreciation & Amortization,1527796.0
SNGYO,2020/12,4BA,Kıdem Tazminatı,Severance Payments,18279.0
SNGYO,2020/12,4BB,Finansman Giderleri,Financial Expenses,-139536583.0
SNGYO,2020/12,4BC,Yurtiçi Satışlar,Domestic Sales,0.0
SNGYO,2020/12,4BD,Yurtdışı Satışlar,Export Sales,0.0
SNGYO,2020/12,4BE,Net Yabancı Para Pozisyonu,Net Fx Position,-514422562.0
SNGYO,2020/12,4BEA,Parasal net yabancı para varlık/(yükümlülük) pozisyonu,Parasal net yabancı para varlık/(yükümlülük) pozisyonu,-514422562.0
SNGYO,2020/12,4BEB,Net YPP (Hedge Dahil),Net YPP (Hedge Dahil),-514422562.0
SNGYO,2020/12,4C,İşletme Faaliyetlerinden Kaynaklanan Net Nakit,Net Cash from Operations,103562102.0
SNGYO,2020/12,4CA,Düzeltme Öncesi Kar,Earnings Before Adjustments,21094170.0
SNGYO,2020/12,4CAA,Düzeltmeler:,Adjustments:,56373297.0
SNGYO,2020/12,4CAB,Amortisman & İtfa Payları,Depreciation & Amortisation,1527796.0
SNGYO,2020/12,4CAC,Karşılıklardaki Değişim,Change in Provisions,99744.0
SNGYO,2020/12,4CAD,Diğer Gelir/ Gider,Other Income / Expense,54745757.0
SNGYO,2020/12,4CAE,İşletme Sermayesinde Değişikler Öncesi Faaliyet Karı (+),Operating Profit Before Changes in Working Capital (+),77467467.0
SNGYO,2020/12,4CAF,İşletme Sermayesindeki Değişiklikler,Change in Working Capital,26098745.0
SNGYO,2020/12,4CAG,Esas Faaliyet ile İlgili Oluşan Nakit (+),Cash from Core Operations (+),103566212.0
SNGYO,2020/12,4CAH,Diğer İşletme Faaliyetlerinden Nakit,Cash from Other Operations,-4110.0
SNGYO,2020/12,4CAI,Sabit Sermaye Yatırımları,Capital Expenditures (CapEx),-60297.0
SNGYO,2020/12,4CAJ,Diğer Yatırım Faaliyetlerinden Nakit,Cash from Other Investment Operations,-2968537.0
SNGYO,2020/12,4CAK,Yatırım Faaliyetlerinden Kaynaklanan Nakit,Cash from Investment Operations,-3028834.0
SNGYO,2020/12,4CB,Serbest Nakit Akım,Free Cash Flow,100533268.0
SNGYO,2020/12,4CBA,Finansal Borçlardaki Değişim,Change in Financial Debt,-97909275.0
SNGYO,2020/12,4CBB,Temettü Ödemeleri,Dividends Paid,0.0
SNGYO,2020/12,4CBC,Sermaye Artırımı,Rights Issue,0.0
SNGYO,2020/12,4CBD,Diğer Finansman Faaliyetlerinden Nakit,Cash from Other Financial Operations,-2500936.0
SNGYO,2020/12,4CBE,Finansman Faaliyetlerden Kaynaklanan Nakit,Cash from Financial Operations,-100410211.0
SNGYO,2020/12,4CBF,Yab. Para Çev. Fark. Etk. Önc.Nak.Ve Nak. Benz. Net Artış/Azalış,Cash Net Inc. / Dec. before For.Cur. Trans. Dif.,123056.0
SNGYO,2020/12,4CBG,Yab.ı Para Çevrim Fark. Nakit Ve Nakit Benz. Üzerindeki Etkisi,Foreign Curr. Trans.Diff.Cash and Cash Benz. Imp.,0.0
SNGYO,2020/12,4CBH,Diğer Nakit Girişi/Çıkışı,Other Cash Inflow/Outflow,0.0
SNGYO,2020/12,4CBI,Nakit ve Benzerlerindeki Değişim,Change in Cash & Cash Equivalents,123056.0
SNGYO,2020/12,4CBJ,Diğer Nakit ve Nakit Benzerlerindeki Artış,Other Cash & Cash Equivalents Change,0.0
SNGYO,2020/12,4CBK,Dönem Başı Nakit Değerler,Cash at the beginning of the Quarter,9924982.0
SNGYO,2020/12,4CBL,Dönem Sonu Nakit,Cash at the End of the Quarter,10048038.0
SNGYO,2020/3,1A,Dönen Varlıklar,CURRENT ASSETS,425318143.0
SNGYO,2020/3,1AA,Nakit ve Nakit Benzerleri,Cash and Cash Equivalents,12310850.0
SNGYO,2020/3,1AB,Finansal Yatırımlar,Short-Term Financial Investments,0.0
SNGYO,2020/3,1AC,Ticari Alacaklar,Short-Term Trade Receivables,70484927.0
SNGYO,2020/3,1AD,Finans Sektörü Faaliyetlerinden Alacaklar,Short-Term Receivables from Financial Operations,0.0
SNGYO,2020/3,1AE,Diğer Alacaklar,Short-Term Other Receivables,2883850.0
SNGYO,2020/3,1AEA,Müşteri Sözleşmelerinden Doğan Varlıklar,nan,0.0
SNGYO,2020/3,1AF,Stoklar,Inventories,285451917.0
SNGYO,2020/3,1AG,Canlı Varlıklar,Short-Term Live Assets,0.0
SNGYO,2020/3,1AH,Diğer Dönen Varlıklar,Other Current Assets,54186599.0
SNGYO,2020/3,1AI,(Ara Toplam),(Subtotal),425318143.0
SNGYO,2020/3,1AJ,Satış Amacıyla Elde Tutulan Duran Varlıklar,Assets to be Sold,0.0
SNGYO,2020/3,1AK,Duran Varlıklar,LONG TERM ASSETS,385223187.0
SNGYO,2020/3,1B,Ticari Alacaklar,Trade Receivables,15912620.0
SNGYO,2020/3,1BA,Finans Sektörü Faaliyetlerinden Alacaklar,Long-Term Receivables from Financial Operations,0.0
SNGYO,2020/3,1BB,Diğer Alacaklar,Other Receivables,148947.0
SNGYO,2020/3,1BBA,Müşteri Sözleşmelerinden Doğan Varlıklar,nan,0.0
SNGYO,2020/3,1BC,Finansal Yatırımlar,Financial Investments,0.0
SNGYO,2020/3,1BD,Özkaynak Yöntemiyle Değerlenen Yatırımlar,Investments with Equity Method,2063243.0
SNGYO,2020/3,1BE,Canlı Varlıklar,Long-Term Live Assets,0.0
SNGYO,2020/3,1BF,Yatırım Amaçlı Gayrimenkuller,Real Estate Investments,258154533.0
SNGYO,2020/3,1BFA,Stoklar,Stoklar,91978595.0
SNGYO,2020/3,1BFAA,Kullanım Hakkı Varlıkları,nan,3169278.0
SNGYO,2020/3,1BG,Maddi Duran Varlıklar,Tangible Fixed Assets,2643130.0
SNGYO,2020/3,1BGA,Şerefiye,Goodwill,0.0
SNGYO,2020/3,1BH,Maddi Olmayan Duran Varlıklar,Intangible Fixed Assets,113250.0
SNGYO,2020/3,1BJ,Ertelenmiş Vergi Varlığı,Long Term Deffered Tax Assets,0.0
SNGYO,2020/3,1BK,Diğer Duran Varlıklar,Other Long-Term Assets,11039590.0
SNGYO,2020/3,1BL,TOPLAM VARLIKLAR,TOTAL ASSETS,810541330.0
SNGYO,2020/3,1BM,KAYNAKLAR,LIABILITIES,0.0
SNGYO,2020/3,2A,Kısa Vadeli Yükümlülükler,SHORT TERM LIABILITIES,301900307.0
SNGYO,2020/3,2AA,Finansal Borçlar,Short-Term Financial Loans,244629757.0
SNGYO,2020/3,2AAG,Diğer Finansal Yükümlülükler,Other Short-Term Financial Liabilities,0.0
SNGYO,2020/3,2AAGAA,Ticari Borçlar,Short-Term Trade Payables,25839905.0
SNGYO,2020/3,2AAGAB,Diğer Borçlar,Other Short-Term Loans,2203690.0
SNGYO,2020/3,2AAGAC,Müşteri Söz. Doğan Yük.,nan,0.0
SNGYO,2020/3,2AAGB,Finans Sektörü Faaliyetlerinden Borçlar,Short-Term Loans from Financial Operations,0.0
SNGYO,2020/3,2AAGC,Devlet Teşvik ve Yardımları,Short-Term Government Promotions and Aids,0.0
SNGYO,2020/3,2AAGCA,Ertelenmiş Gelirler (Müşteri Söz. Doğan Yük. Dış.Kal.),nan,27827034.0
SNGYO,2020/3,2AAGD,Dönem Karı Vergi Yükümlülüğü,Taxation Liabilities on Income (-),0.0
SNGYO,2020/3,2AAGE,Borç Karşılıkları,Short-Term Provisions,404068.0
SNGYO,2020/3,2AAGF,Diğer Kısa Vadeli Yükümlülükler,Other Short-Term Liabilities,995853.0
SNGYO,2020/3,2AAGG,(Ara Toplam),(Subtotal),301900307.0
SNGYO,2020/3,2AAGH,Satış Amaçlı Elde Tutulan Duran Varlıklara İlişkin Yükümlülükler,Liabilities on Assets to be Sold,0.0
SNGYO,2020/3,2B,Uzun Vadeli Yükümlülükler,LONG TERM LIABILITIES,439929527.0
SNGYO,2020/3,2BA,Finansal Borçlar,Long-Term Financial Loans,351041349.0
SNGYO,2020/3,2BB,Diğer Finansal Yükümlülükler,Other Short-Term Financial Liabilities,0.0
SNGYO,2020/3,2BBA,Ticari Borçlar,Long-Term Trade Payables,27375.0
SNGYO,2020/3,2BBB,Diğer Borçlar,Other Long-Term Loans,0.0
SNGYO,2020/3,2BBBA,Müşteri Söz.Doğan Yük.,nan,0.0
SNGYO,2020/3,2BC,Finans Sektörü Faaliyetlerinden Borçlar,Long-Term Loans from Financial Operations,0.0
SNGYO,2020/3,2BD,Devlet Teşvik ve Yardımları,Long-Term Government Promotions and Aids,0.0
SNGYO,2020/3,2BDA,Ertelenmiş Gelirler (Müşteri Söz.Doğan Yük. Dış.Kal.),nan,81739836.0
SNGYO,2020/3,2BE,Uzun vadeli karşılıklar,Long-Term Provisions,649267.0
SNGYO,2020/3,2BF,Çalışanlara Sağlanan Faydalara İliş.Karş.,Provisions for Retirment Pay,0.0
SNGYO,2020/3,2BG,Ertelenmiş Vergi Yükümlülüğü,Deferred Tax Liabilities,0.0
SNGYO,2020/3,2BH,Diğer Uzun Vadeli Yükümlülükler,Other Long-Term Liabilities,6471700.0
SNGYO,2020/3,2N,Özkaynaklar,SHAREHOLDERS EQUITY,68711496.0
SNGYO,2020/3,2O,Ana Ortaklığa Ait Özkaynaklar,Parent Shareholders Capital,68711496.0
SNGYO,2020/3,2OA,Ödenmiş Sermaye,Share Capital,132673924.0
SNGYO,2020/3,2OC,Karşılıklı İştirak Sermayesi Düzeltmesi (-),Adjustments to Share Capital,0.0
SNGYO,2020/3,2OCA,Hisse Senedi İhraç Primleri,Premium in Excess of Par,0.0
SNGYO,2020/3,2OCB,Değer Artış Fonları,Market Value Surpluses,0.0
SNGYO,2020/3,2OCC,Yabancı Para Çevrim Farkları,FX Translation Differences,0.0
SNGYO,2020/3,2OCD,Kardan Ayrılan Kısıtlanmış Yedekler,Income Reserves,16539599.0
SNGYO,2020/3,2OCE,Geçmiş Yıllar Kar/Zararları,Retained Earnings /(Acc. Losses),-39935800.0
SNGYO,2020/3,2OCF,Dönem Net Kar/Zararı,Current Year Income /(Losses),-16791145.0
SNGYO,2020/3,2OD,Diğer Özsermaye Kalemleri,Other Sholders Equity Items,-23775082.0
SNGYO,2020/3,2ODA,Azınlık Payları,Minority Interests,0.0
SNGYO,2020/3,2ODB,TOPLAM KAYNAKLAR,TOTAL LIABILITIES AND S.HOLDERS EQUITY,810541330.0
SNGYO,2020/3,3B,Sürdürülen Faaliyetler,Continuing Operations,0.0
SNGYO,2020/3,3C,Satış Gelirleri,Net Sales,67888695.0
SNGYO,2020/3,3CA,Satışların Maliyeti (-),Cost Of Sales,-53775845.0
SNGYO,2020/3,3CAA,Ticari Faaliyetlerden Diğer Kar (Zarar),Other Profit (Loss) from Trade Operations,0.0
SNGYO,2020/3,3CAB,Ticari Faaliyetlerden Brüt Kar (Zarar),Gross Profit (Loss) from Trade Operations,14112850.0
SNGYO,2020/3,3CAC,"Faiz, Ücret, Prim, Komisyon ve Diğer Gelirler","Proceeds from Interest, Fee, Premium, Commission and Other",0.0
SNGYO,2020/3,3CAD,"Faiz, Ücret, Prim, Komisyon ve Diğer Giderler (-)","Expenses from Interest, Fee, Premium, Commission and Other",0.0
SNGYO,2020/3,3CAE,Finans Sektörü Faaliyetlerinden Diğer Kar (Zarar),Other Profit (Loss) from Financial Operations,0.0
SNGYO,2020/3,3CAF,Finans Sektörü Faaliyetlerinden Brüt Kar (Zarar),Gross Profit (Loss) from Financial Operations,0.0
SNGYO,2020/3,3CB,Diğer Gelir ve Giderler,Other Income (Expenses),0.0
SNGYO,2020/3,3D,BRÜT KAR (ZARAR),GROSS PROFIT (LOSS),14112850.0
SNGYO,2020/3,3DA,"Pazarlama, Satış ve Dağıtım Giderleri (-)",Marketing Selling & Distrib. Expenses (-),-2033961.0
SNGYO,2020/3,3DB,Genel Yönetim Giderleri (-),General Administrative Expenses (-),-1417818.0
SNGYO,2020/3,3DC,Araştırma ve Geliştirme Giderleri (-),Research & Development Expenses (-),0.0
SNGYO,2020/3,3DD,Diğer Faaliyet Gelirleri,Income from Other Operations,18470921.0
SNGYO,2020/3,3DE,Diğer Faaliyet Giderleri (-),Expenses from Other Operations (-),-12964840.0
SNGYO,2020/3,3DEA,Faaliyet Karı Öncesi Diğer Gelir ve Giderler,Other Income (Expenses) Before Operating Profits,0.0
SNGYO,2020/3,3DF,FAALİYET KARI (ZARARI),OPERATING PROFITS,16167153.0
SNGYO,2020/3,3H,Net Faaliyet Kar/Zararı,Net Operating Profits,10661071.0
SNGYO,2020/3,3HA,Yatırım Faaliyetlerinden Gelirler,nan,0.0
SNGYO,2020/3,3HAA,Yatırım Faaliyetlerinden Giderler (-),nan,0.0
SNGYO,2020/3,3HAB,Diğer Gelir ve Giderler,nan,0.0
SNGYO,2020/3,3HAC,Özkaynak Yöntemiyle Değerlenen Yatırımların Kar/Zararlarındaki Paylar,Profit (Loss) from Subsidiaries,0.0
SNGYO,2020/3,3HACA,Finansman Gideri Öncesi Faaliyet Karı/Zararı,nan,16167153.0
SNGYO,2020/3,3HB,(Esas Faaliyet Dışı) Finansal Gelirler,Financial Income (from Other Operations),301.0
SNGYO,2020/3,3HC,(Esas Faaliyet Dışı) Finansal Giderler (-),Financial Expenses (from Other Operations) (-),-34240477.0
SNGYO,2020/3,3HCA,Vergi Öncesi Diğer Gelir ve Giderler,Other Income (Expenses) Before Tax,0.0
SNGYO,2020/3,3I,SÜRDÜRÜLEN FAALİYETLER VERGİ ÖNCESİ KARI (ZARARI),PROFIT BEFORE TAX FROM CONTINUING OPERATIONS,-18073024.0
SNGYO,2020/3,3IA,Sürdürülen Faaliyetler Vergi Geliri (Gideri),Taxation on Continuing Operations,0.0
SNGYO,2020/3,3IB,Dönem Vergi Geliri (Gideri),Taxation on Income (Expenses),0.0
SNGYO,2020/3,3IC,Ertelenmiş Vergi Geliri (Gideri),Income (Expenses) of Deferred Tax,0.0
SNGYO,2020/3,3ID,Diğer Vergi Geliri (Gideri),Other Taxation Income (Expenses),0.0
SNGYO,2020/3,3J,SÜRDÜRÜLEN FAALİYETLER DÖNEM KARI/ZARARI,PROFIT FROM CONTINUING OPERATIONS,-18073024.0
SNGYO,2020/3,3K,DURDURULAN FAALİYETLER,DISCONTINUED OPERATIONS,0.0
SNGYO,2020/3,3KA,Durdurulan Faaliyetler Vergi Sonrası Dönem Karı (Zararı),Profit After Taxes from Discontinued Operations,0.0
SNGYO,2020/3,3L,DÖNEM KARI (ZARARI),NET PROFIT AFTER TAXES,-18073024.0
SNGYO,2020/3,3LA,Dönem Kar/Zararının Dağılımı,Distrubition of Profit (Loss),0.0
SNGYO,2020/3,3LB,Azınlık Payları,Minority Interests,0.0
SNGYO,2020/3,3Z,Ana Ortaklık Payları,Parent Shares,-18073024.0
SNGYO,2020/3,3ZD,Hisse Başına Kazanç,Earnings per Share,0.0
SNGYO,2020/3,3ZE,Seyreltilmiş Hisse Başına Kazanç,Diluted Earnings per Share,0.0
SNGYO,2020/3,3ZF,Sürdürülen Faaliyetlerden Hisse Başına Kazanç,Earnings per Share from Continuing Operations,0.0
SNGYO,2020/3,3ZG,Sürdürülen Faaliyetlerden Seyreltilmiş Hisse Başına Kazanç,Earnings per Share from Discontinued Operations,0.0
SNGYO,2020/3,4B,Amortisman Giderleri,Depreciation & Amortization,387254.0
SNGYO,2020/3,4BA,Kıdem Tazminatı,Severance Payments,-31938.0
SNGYO,2020/3,4BB,Finansman Giderleri,Financial Expenses,-34240477.0
SNGYO,2020/3,4BC,Yurtiçi Satışlar,Domestic Sales,0.0
SNGYO,2020/3,4BD,Yurtdışı Satışlar,Export Sales,0.0
SNGYO,2020/3,4BE,Net Yabancı Para Pozisyonu,Net Fx Position,-560410097.0
SNGYO,2020/3,4BEA,Parasal net yabancı para varlık/(yükümlülük) pozisyonu,Parasal net yabancı para varlık/(yükümlülük) pozisyonu,-560410097.0
SNGYO,2020/3,4BEB,Net YPP (Hedge Dahil),Net YPP (Hedge Dahil),-560410097.0
SNGYO,2020/3,4C,İşletme Faaliyetlerinden Kaynaklanan Net Nakit,Net Cash from Operations,18747346.0
SNGYO,2020/3,4CA,Düzeltme Öncesi Kar,Earnings Before Adjustments,-18073024.0
SNGYO,2020/3,4CAA,Düzeltmeler:,Adjustments:,53468074.0
SNGYO,2020/3,4CAB,Amortisman & İtfa Payları,Depreciation & Amortisation,387254.0
SNGYO,2020/3,4CAC,Karşılıklardaki Değişim,Change in Provisions,-31938.0
SNGYO,2020/3,4CAD,Diğer Gelir/ Gider,Other Income / Expense,53112758.0
SNGYO,2020/3,4CAE,İşletme Sermayesinde Değişikler Öncesi Faaliyet Karı (+),Operating Profit Before Changes in Working Capital (+),35395050.0
SNGYO,2020/3,4CAF,İşletme Sermayesindeki Değişiklikler,Change in Working Capital,-16667466.0
SNGYO,2020/3,4CAG,Esas Faaliyet ile İlgili Oluşan Nakit (+),Cash from Core Operations (+),18727585.0
SNGYO,2020/3,4CAH,Diğer İşletme Faaliyetlerinden Nakit,Cash from Other Operations,19761.0
SNGYO,2020/3,4CAI,Sabit Sermaye Yatırımları,Capital Expenditures (CapEx),30678.0
SNGYO,2020/3,4CAJ,Diğer Yatırım Faaliyetlerinden Nakit,Cash from Other Investment Operations,0.0
SNGYO,2020/3,4CAK,Yatırım Faaliyetlerinden Kaynaklanan Nakit,Cash from Investment Operations,30678.0
SNGYO,2020/3,4CB,Serbest Nakit Akım,Free Cash Flow,18778024.0
SNGYO,2020/3,4CBA,Finansal Borçlardaki Değişim,Change in Financial Debt,-13926231.0
SNGYO,2020/3,4CBB,Temettü Ödemeleri,Dividends Paid,0.0
SNGYO,2020/3,4CBC,Sermaye Artırımı,Rights Issue,0.0
SNGYO,2020/3,4CBD,Diğer Finansman Faaliyetlerinden Nakit,Cash from Other Financial Operations,-3007772.0
SNGYO,2020/3,4CBE,Finansman Faaliyetlerden Kaynaklanan Nakit,Cash from Financial Operations,-16934004.0
SNGYO,2020/3,4CBF,Yab. Para Çev. Fark. Etk. Önc.Nak.Ve Nak. Benz. Net Artış/Azalış,Cash Net Inc. / Dec. before For.Cur. Trans. Dif.,1844020.0
SNGYO,2020/3,4CBG,Yab.ı Para Çevrim Fark. Nakit Ve Nakit Benz. Üzerindeki Etkisi,Foreign Curr. Trans.Diff.Cash and Cash Benz. Imp.,0.0
SNGYO,2020/3,4CBH,Diğer Nakit Girişi/Çıkışı,Other Cash Inflow/Outflow,0.0
SNGYO,2020/3,4CBI,Nakit ve Benzerlerindeki Değişim,Change in Cash & Cash Equivalents,1844020.0
SNGYO,2020/3,4CBJ,Diğer Nakit ve Nakit Benzerlerindeki Artış,Other Cash & Cash Equivalents Change,0.0
SNGYO,2020/3,4CBK,Dönem Başı Nakit Değerler,Cash at the beginning of the Quarter,11406672.0
SNGYO,2020/3,4CBL,Dönem Sonu Nakit,Cash at the End of the Quarter,13250692.0
SNGYO,2020/6,1A,Dönen Varlıklar,CURRENT ASSETS,399281983.0
SNGYO,2020/6,1AA,Nakit ve Nakit Benzerleri,Cash and Cash Equivalents,12752117.0
SNGYO,2020/6,1AB,Finansal Yatırımlar,Short-Term Financial Investments,0.0
SNGYO,2020/6,1AC,Ticari Alacaklar,Short-Term Trade Receivables,67066456.0
SNGYO,2020/6,1AD,Finans Sektörü Faaliyetlerinden Alacaklar,Short-Term Receivables from Financial Operations,0.0
SNGYO,2020/6,1AE,Diğer Alacaklar,Short-Term Other Receivables,3035829.0
SNGYO,2020/6,1AEA,Müşteri Sözleşmelerinden Doğan Varlıklar,nan,0.0
SNGYO,2020/6,1AF,Stoklar,Inventories,264520165.0
SNGYO,2020/6,1AG,Canlı Varlıklar,Short-Term Live Assets,0.0
SNGYO,2020/6,1AH,Diğer Dönen Varlıklar,Other Current Assets,51907415.0
SNGYO,2020/6,1AI,(Ara Toplam),(Subtotal),399281983.0
SNGYO,2020/6,1AJ,Satış Amacıyla Elde Tutulan Duran Varlıklar,Assets to be Sold,0.0
SNGYO,2020/6,1AK,Duran Varlıklar,LONG TERM ASSETS,366102351.0
SNGYO,2020/6,1B,Ticari Alacaklar,Trade Receivables,14932670.0
SNGYO,2020/6,1BA,Finans Sektörü Faaliyetlerinden Alacaklar,Long-Term Receivables from Financial Operations,0.0
SNGYO,2020/6,1BB,Diğer Alacaklar,Other Receivables,142722.0
SNGYO,2020/6,1BBA,Müşteri Sözleşmelerinden Doğan Varlıklar,nan,0.0
SNGYO,2020/6,1BC,Finansal Yatırımlar,Financial Investments,0.0
SNGYO,2020/6,1BD,Özkaynak Yöntemiyle Değerlenen Yatırımlar,Investments with Equity Method,2084767.0
SNGYO,2020/6,1BE,Canlı Varlıklar,Long-Term Live Assets,0.0
SNGYO,2020/6,1BF,Yatırım Amaçlı Gayrimenkuller,Real Estate Investments,247174102.0
SNGYO,2020/6,1BFA,Stoklar,Stoklar,85708009.0
SNGYO,2020/6,1BFAA,Kullanım Hakkı Varlıkları,nan,2865379.0
SNGYO,2020/6,1BG,Maddi Duran Varlıklar,Tangible Fixed Assets,2472449.0
SNGYO,2020/6,1BGA,Şerefiye,Goodwill,0.0
SNGYO,2020/6,1BH,Maddi Olmayan Duran Varlıklar,Intangible Fixed Assets,114415.0
SNGYO,2020/6,1BJ,Ertelenmiş Vergi Varlığı,Long Term Deffered Tax Assets,0.0
SNGYO,2020/6,1BK,Diğer Duran Varlıklar,Other Long-Term Assets,10607838.0
SNGYO,2020/6,1BL,TOPLAM VARLIKLAR,TOTAL ASSETS,765384334.0
SNGYO,2020/6,1BM,KAYNAKLAR,LIABILITIES,0.0
SNGYO,2020/6,2A,Kısa Vadeli Yükümlülükler,SHORT TERM LIABILITIES,289402424.0
SNGYO,2020/6,2AA,Finansal Borçlar,Short-Term Financial Loans,238709602.0
SNGYO,2020/6,2AAG,Diğer Finansal Yükümlülükler,Other Short-Term Financial Liabilities,0.0
SNGYO,2020/6,2AAGAA,Ticari Borçlar,Short-Term Trade Payables,24880555.0
SNGYO,2020/6,2AAGAB,Diğer Borçlar,Other Short-Term Loans,1803053.0
SNGYO,2020/6,2AAGAC,Müşteri Söz. Doğan Yük.,nan,0.0
SNGYO,2020/6,2AAGB,Finans Sektörü Faaliyetlerinden Borçlar,Short-Term Loans from Financial Operations,0.0
SNGYO,2020/6,2AAGC,Devlet Teşvik ve Yardımları,Short-Term Government Promotions and Aids,0.0
SNGYO,2020/6,2AAGCA,Ertelenmiş Gelirler (Müşteri Söz. Doğan Yük. Dış.Kal.),nan,22969765.0
SNGYO,2020/6,2AAGD,Dönem Karı Vergi Yükümlülüğü,Taxation Liabilities on Income (-),0.0
SNGYO,2020/6,2AAGE,Borç Karşılıkları,Short-Term Provisions,433386.0
SNGYO,2020/6,2AAGF,Diğer Kısa Vadeli Yükümlülükler,Other Short-Term Liabilities,606063.0
SNGYO,2020/6,2AAGG,(Ara Toplam),(Subtotal),289402424.0
SNGYO,2020/6,2AAGH,Satış Amaçlı Elde Tutulan Duran Varlıklara İlişkin Yükümlülükler,Liabilities on Assets to be Sold,0.0
SNGYO,2020/6,2B,Uzun Vadeli Yükümlülükler,LONG TERM LIABILITIES,460593643.0
SNGYO,2020/6,2BA,Finansal Borçlar,Long-Term Financial Loans,361280577.0
SNGYO,2020/6,2BB,Diğer Finansal Yükümlülükler,Other Short-Term Financial Liabilities,0.0
SNGYO,2020/6,2BBA,Ticari Borçlar,Long-Term Trade Payables,6737.0
SNGYO,2020/6,2BBB,Diğer Borçlar,Other Long-Term Loans,4218039.0
SNGYO,2020/6,2BBBA,Müşteri Söz.Doğan Yük.,nan,0.0
SNGYO,2020/6,2BC,Finans Sektörü Faaliyetlerinden Borçlar,Long-Term Loans from Financial Operations,0.0
SNGYO,2020/6,2BD,Devlet Teşvik ve Yardımları,Long-Term Government Promotions and Aids,0.0
SNGYO,2020/6,2BDA,Ertelenmiş Gelirler (Müşteri Söz.Doğan Yük. Dış.Kal.),nan,94420310.0
SNGYO,2020/6,2BE,Uzun vadeli karşılıklar,Long-Term Provisions,667980.0
SNGYO,2020/6,2BF,Çalışanlara Sağlanan Faydalara İliş.Karş.,Provisions for Retirment Pay,0.0
SNGYO,2020/6,2BG,Ertelenmiş Vergi Yükümlülüğü,Deferred Tax Liabilities,0.0
SNGYO,2020/6,2BH,Diğer Uzun Vadeli Yükümlülükler,Other Long-Term Liabilities,0.0
SNGYO,2020/6,2N,Özkaynaklar,SHAREHOLDERS EQUITY,15388267.0
SNGYO,2020/6,2O,Ana Ortaklığa Ait Özkaynaklar,Parent Shareholders Capital,15388267.0
SNGYO,2020/6,2OA,Ödenmiş Sermaye,Share Capital,127371225.0
SNGYO,2020/6,2OC,Karşılıklı İştirak Sermayesi Düzeltmesi (-),Adjustments to Share Capital,0.0
SNGYO,2020/6,2OCA,Hisse Senedi İhraç Primleri,Premium in Excess of Par,0.0
SNGYO,2020/6,2OCB,Değer Artış Fonları,Market Value Surpluses,0.0
SNGYO,2020/6,2OCC,Yabancı Para Çevrim Farkları,FX Translation Differences,0.0
SNGYO,2020/6,2OCD,Kardan Ayrılan Kısıtlanmış Yedekler,Income Reserves,15878546.0
SNGYO,2020/6,2OCE,Geçmiş Yıllar Kar/Zararları,Retained Earnings /(Acc. Losses),-38339650.0
SNGYO,2020/6,2OCF,Dönem Net Kar/Zararı,Current Year Income /(Losses),-66638747.0
SNGYO,2020/6,2OD,Diğer Özsermaye Kalemleri,Other Sholders Equity Items,-22883107.0
SNGYO,2020/6,2ODA,Azınlık Payları,Minority Interests,0.0
SNGYO,2020/6,2ODB,TOPLAM KAYNAKLAR,TOTAL LIABILITIES AND S.HOLDERS EQUITY,765384334.0
SNGYO,2020/6,3B,Sürdürülen Faaliyetler,Continuing Operations,0.0
SNGYO,2020/6,3C,Satış Gelirleri,Net Sales,78272285.0
SNGYO,2020/6,3CA,Satışların Maliyeti (-),Cost Of Sales,-57527384.0
SNGYO,2020/6,3CAA,Ticari Faaliyetlerden Diğer Kar (Zarar),Other Profit (Loss) from Trade Operations,0.0
SNGYO,2020/6,3CAB,Ticari Faaliyetlerden Brüt Kar (Zarar),Gross Profit (Loss) from Trade Operations,20744900.0
SNGYO,2020/6,3CAC,"Faiz, Ücret, Prim, Komisyon ve Diğer Gelirler","Proceeds from Interest, Fee, Premium, Commission and Other",0.0
SNGYO,2020/6,3CAD,"Faiz, Ücret, Prim, Komisyon ve Diğer Giderler (-)","Expenses from Interest, Fee, Premium, Commission and Other",0.0
SNGYO,2020/6,3CAE,Finans Sektörü Faaliyetlerinden Diğer Kar (Zarar),Other Profit (Loss) from Financial Operations,0.0
SNGYO,2020/6,3CAF,Finans Sektörü Faaliyetlerinden Brüt Kar (Zarar),Gross Profit (Loss) from Financial Operations,0.0
SNGYO,2020/6,3CB,Diğer Gelir ve Giderler,Other Income (Expenses),0.0
SNGYO,2020/6,3D,BRÜT KAR (ZARAR),GROSS PROFIT (LOSS),20744900.0
SNGYO,2020/6,3DA,"Pazarlama, Satış ve Dağıtım Giderleri (-)",Marketing Selling & Distrib. Expenses (-),-3744471.0
SNGYO,2020/6,3DB,Genel Yönetim Giderleri (-),General Administrative Expenses (-),-2758410.0
SNGYO,2020/6,3DC,Araştırma ve Geliştirme Giderleri (-),Research & Development Expenses (-),0.0
SNGYO,2020/6,3DD,Diğer Faaliyet Gelirleri,Income from Other Operations,27436754.0
SNGYO,2020/6,3DE,Diğer Faaliyet Giderleri (-),Expenses from Other Operations (-),-19342413.0
SNGYO,2020/6,3DEA,Faaliyet Karı Öncesi Diğer Gelir ve Giderler,Other Income (Expenses) Before Operating Profits,0.0
SNGYO,2020/6,3DF,FAALİYET KARI (ZARARI),OPERATING PROFITS,22336361.0
SNGYO,2020/6,3H,Net Faaliyet Kar/Zararı,Net Operating Profits,14242020.0
SNGYO,2020/6,3HA,Yatırım Faaliyetlerinden Gelirler,nan,0.0
SNGYO,2020/6,3HAA,Yatırım Faaliyetlerinden Giderler (-),nan,0.0
SNGYO,2020/6,3HAB,Diğer Gelir ve Giderler,nan,0.0
SNGYO,2020/6,3HAC,Özkaynak Yöntemiyle Değerlenen Yatırımların Kar/Zararlarındaki Paylar,Profit (Loss) from Subsidiaries,110011.0
SNGYO,2020/6,3HACA,Finansman Gideri Öncesi Faaliyet Karı/Zararı,nan,22446372.0
SNGYO,2020/6,3HB,(Esas Faaliyet Dışı) Finansal Gelirler,Financial Income (from Other Operations),1341.0
SNGYO,2020/6,3HC,(Esas Faaliyet Dışı) Finansal Giderler (-),Financial Expenses (from Other Operations) (-),-92947072.0
SNGYO,2020/6,3HCA,Vergi Öncesi Diğer Gelir ve Giderler,Other Income (Expenses) Before Tax,0.0
SNGYO,2020/6,3I,SÜRDÜRÜLEN FAALİYETLER VERGİ ÖNCESİ KARI (ZARARI),PROFIT BEFORE TAX FROM CONTINUING OPERATIONS,-70499359.0
SNGYO,2020/6,3IA,Sürdürülen Faaliyetler Vergi Geliri (Gideri),Taxation on Continuing Operations,0.0
SNGYO,2020/6,3IB,Dönem Vergi Geliri (Gideri),Taxation on Income (Expenses),0.0
SNGYO,2020/6,3IC,Ertelenmiş Vergi Geliri (Gideri),Income (Expenses) of Deferred Tax,0.0
SNGYO,2020/6,3ID,Diğer Vergi Geliri (Gideri),Other Taxation Income (Expenses),0.0
SNGYO,2020/6,3J,SÜRDÜRÜLEN FAALİYETLER DÖNEM KARI/ZARARI,PROFIT FROM CONTINUING OPERATIONS,-70499359.0
SNGYO,2020/6,3K,DURDURULAN FAALİYETLER,DISCONTINUED OPERATIONS,0.0
SNGYO,2020/6,3KA,Durdurulan Faaliyetler Vergi Sonrası Dönem Karı (Zararı),Profit After Taxes from Discontinued Operations,0.0
SNGYO,2020/6,3L,DÖNEM KARI (ZARARI),NET PROFIT AFTER TAXES,-70499359.0
SNGYO,2020/6,3LA,Dönem Kar/Zararının Dağılımı,Distrubition of Profit (Loss),0.0
SNGYO,2020/6,3LB,Azınlık Payları,Minority Interests,0.0
SNGYO,2020/6,3Z,Ana Ortaklık Payları,Parent Shares,-70499359.0
SNGYO,2020/6,3ZD,Hisse Başına Kazanç,Earnings per Share,0.0
SNGYO,2020/6,3ZE,Seyreltilmiş Hisse Başına Kazanç,Diluted Earnings per Share,0.0
SNGYO,2020/6,3ZF,Sürdürülen Faaliyetlerden Hisse Başına Kazanç,Earnings per Share from Continuing Operations,0.0
SNGYO,2020/6,3ZG,Sürdürülen Faaliyetlerden Seyreltilmiş Hisse Başına Kazanç,Earnings per Share from Discontinued Operations,0.0
SNGYO,2020/6,4B,Amortisman Giderleri,Depreciation & Amortization,703396.0
SNGYO,2020/6,4BA,Kıdem Tazminatı,Severance Payments,13761.0
SNGYO,2020/6,4BB,Finansman Giderleri,Financial Expenses,-92947072.0
SNGYO,2020/6,4BC,Yurtiçi Satışlar,Domestic Sales,0.0
SNGYO,2020/6,4BD,Yurtdışı Satışlar,Export Sales,0.0
SNGYO,2020/6,4BE,Net Yabancı Para Pozisyonu,Net Fx Position,-546597399.0
SNGYO,2020/6,4BEA,Parasal net yabancı para varlık/(yükümlülük) pozisyonu,Parasal net yabancı para varlık/(yükümlülük) pozisyonu,-546597399.0
SNGYO,2020/6,4BEB,Net YPP (Hedge Dahil),Net YPP (Hedge Dahil),-546597399.0
SNGYO,2020/6,4C,İşletme Faaliyetlerinden Kaynaklanan Net Nakit,Net Cash from Operations,33778941.0
SNGYO,2020/6,4CA,Düzeltme Öncesi Kar,Earnings Before Adjustments,-70499359.0
SNGYO,2020/6,4CAA,Düzeltmeler:,Adjustments:,96189110.0
SNGYO,2020/6,4CAB,Amortisman & İtfa Payları,Depreciation & Amortisation,703396.0
SNGYO,2020/6,4CAC,Karşılıklardaki Değişim,Change in Provisions,13761.0
SNGYO,2020/6,4CAD,Diğer Gelir/ Gider,Other Income / Expense,95471953.0
SNGYO,2020/6,4CAE,İşletme Sermayesinde Değişikler Öncesi Faaliyet Karı (+),Operating Profit Before Changes in Working Capital (+),25689751.0
SNGYO,2020/6,4CAF,İşletme Sermayesindeki Değişiklikler,Change in Working Capital,8147931.0
SNGYO,2020/6,4CAG,Esas Faaliyet ile İlgili Oluşan Nakit (+),Cash from Core Operations (+),33837682.0
SNGYO,2020/6,4CAH,Diğer İşletme Faaliyetlerinden Nakit,Cash from Other Operations,-58740.0
SNGYO,2020/6,4CAI,Sabit Sermaye Yatırımları,Capital Expenditures (CapEx),5730.0
SNGYO,2020/6,4CAJ,Diğer Yatırım Faaliyetlerinden Nakit,Cash from Other Investment Operations,700917.0
SNGYO,2020/6,4CAK,Yatırım Faaliyetlerinden Kaynaklanan Nakit,Cash from Investment Operations,706647.0
SNGYO,2020/6,4CB,Serbest Nakit Akım,Free Cash Flow,34485588.0
SNGYO,2020/6,4CBA,Finansal Borçlardaki Değişim,Change in Financial Debt,-21180962.0
SNGYO,2020/6,4CBB,Temettü Ödemeleri,Dividends Paid,0.0
SNGYO,2020/6,4CBC,Sermaye Artırımı,Rights Issue,0.0
SNGYO,2020/6,4CBD,Diğer Finansman Faaliyetlerinden Nakit,Cash from Other Financial Operations,-10577211.0
SNGYO,2020/6,4CBE,Finansman Faaliyetlerden Kaynaklanan Nakit,Cash from Financial Operations,-31758173.0
SNGYO,2020/6,4CBF,Yab. Para Çev. Fark. Etk. Önc.Nak.Ve Nak. Benz. Net Artış/Azalış,Cash Net Inc. / Dec. before For.Cur. Trans. Dif.,2727415.0
SNGYO,2020/6,4CBG,Yab.ı Para Çevrim Fark. Nakit Ve Nakit Benz. Üzerindeki Etkisi,Foreign Curr. Trans.Diff.Cash and Cash Benz. Imp.,0.0
SNGYO,2020/6,4CBH,Diğer Nakit Girişi/Çıkışı,Other Cash Inflow/Outflow,0.0
SNGYO,2020/6,4CBI,Nakit ve Benzerlerindeki Değişim,Change in Cash & Cash Equivalents,2727415.0
SNGYO,2020/6,4CBJ,Diğer Nakit ve Nakit Benzerlerindeki Artış,Other Cash & Cash Equivalents Change,0.0
SNGYO,2020/6,4CBK,Dönem Başı Nakit Değerler,Cash at the beginning of the Quarter,10763476.0
SNGYO,2020/6,4CBL,Dönem Sonu Nakit,Cash at the End of the Quarter,13490891.0
SNGYO,2020/9,1A,Dönen Varlıklar,CURRENT ASSETS,394056537.0
SNGYO,2020/9,1AA,Nakit ve Nakit Benzerleri,Cash and Cash Equivalents,30286699.0
SNGYO,2020/9,1AB,Finansal Yatırımlar,Short-Term Financial Investments,0.0
SNGYO,2020/9,1AC,Ticari Alacaklar,Short-Term Trade Receivables,69231552.0
SNGYO,2020/9,1AD,Finans Sektörü Faaliyetlerinden Alacaklar,Short-Term Receivables from Financial Operations,0.0
SNGYO,2020/9,1AE,Diğer Alacaklar,Short-Term Other Receivables,1556260.0
SNGYO,2020/9,1AEA,Müşteri Sözleşmelerinden Doğan Varlıklar,nan,0.0
SNGYO,2020/9,1AF,Stoklar,Inventories,250368632.0
SNGYO,2020/9,1AG,Canlı Varlıklar,Short-Term Live Assets,0.0
SNGYO,2020/9,1AH,Diğer Dönen Varlıklar,Other Current Assets,42613392.0
SNGYO,2020/9,1AI,(Ara Toplam),(Subtotal),394056537.0
SNGYO,2020/9,1AJ,Satış Amacıyla Elde Tutulan Duran Varlıklar,Assets to be Sold,0.0
SNGYO,2020/9,1AK,Duran Varlıklar,LONG TERM ASSETS,324972146.0
SNGYO,2020/9,1B,Ticari Alacaklar,Trade Receivables,13231068.0
SNGYO,2020/9,1BA,Finans Sektörü Faaliyetlerinden Alacaklar,Long-Term Receivables from Financial Operations,0.0
SNGYO,2020/9,1BB,Diğer Alacaklar,Other Receivables,126241.0
SNGYO,2020/9,1BBA,Müşteri Sözleşmelerinden Doğan Varlıklar,nan,0.0
SNGYO,2020/9,1BC,Finansal Yatırımlar,Financial Investments,0.0
SNGYO,2020/9,1BD,Özkaynak Yöntemiyle Değerlenen Yatırımlar,Investments with Equity Method,1778421.0
SNGYO,2020/9,1BE,Canlı Varlıklar,Long-Term Live Assets,0.0
SNGYO,2020/9,1BF,Yatırım Amaçlı Gayrimenkuller,Real Estate Investments,212710448.0
SNGYO,2020/9,1BFA,Stoklar,Stoklar,83156012.0
SNGYO,2020/9,1BFAA,Kullanım Hakkı Varlıkları,nan,2364834.0
SNGYO,2020/9,1BG,Maddi Duran Varlıklar,Tangible Fixed Assets,2126234.0
SNGYO,2020/9,1BGA,Şerefiye,Goodwill,0.0
SNGYO,2020/9,1BH,Maddi Olmayan Duran Varlıklar,Intangible Fixed Assets,97913.0
SNGYO,2020/9,1BJ,Ertelenmiş Vergi Varlığı,Long Term Deffered Tax Assets,0.0
SNGYO,2020/9,1BK,Diğer Duran Varlıklar,Other Long-Term Assets,9380975.0
SNGYO,2020/9,1BL,TOPLAM VARLIKLAR,TOTAL ASSETS,719028682.0
SNGYO,2020/9,1BM,KAYNAKLAR,LIABILITIES,0.0
SNGYO,2020/9,2A,Kısa Vadeli Yükümlülükler,SHORT TERM LIABILITIES,281941453.0
SNGYO,2020/9,2AA,Finansal Borçlar,Short-Term Financial Loans,231027098.0
SNGYO,2020/9,2AAG,Diğer Finansal Yükümlülükler,Other Short-Term Financial Liabilities,0.0
SNGYO,2020/9,2AAGAA,Ticari Borçlar,Short-Term Trade Payables,31423595.0
SNGYO,2020/9,2AAGAB,Diğer Borçlar,Other Short-Term Loans,1592444.0
SNGYO,2020/9,2AAGAC,Müşteri Söz. Doğan Yük.,nan,0.0
SNGYO,2020/9,2AAGB,Finans Sektörü Faaliyetlerinden Borçlar,Short-Term Loans from Financial Operations,0.0
SNGYO,2020/9,2AAGC,Devlet Teşvik ve Yardımları,Short-Term Government Promotions and Aids,0.0
SNGYO,2020/9,2AAGCA,Ertelenmiş Gelirler (Müşteri Söz. Doğan Yük. Dış.Kal.),nan,16776765.0
SNGYO,2020/9,2AAGD,Dönem Karı Vergi Yükümlülüğü,Taxation Liabilities on Income (-),0.0
SNGYO,2020/9,2AAGE,Borç Karşılıkları,Short-Term Provisions,388307.0
SNGYO,2020/9,2AAGF,Diğer Kısa Vadeli Yükümlülükler,Other Short-Term Liabilities,733245.0
SNGYO,2020/9,2AAGG,(Ara Toplam),(Subtotal),281941453.0
SNGYO,2020/9,2AAGH,Satış Amaçlı Elde Tutulan Duran Varlıklara İlişkin Yükümlülükler,Liabilities on Assets to be Sold,0.0
SNGYO,2020/9,2B,Uzun Vadeli Yükümlülükler,LONG TERM LIABILITIES,426380546.0
SNGYO,2020/9,2BA,Finansal Borçlar,Long-Term Financial Loans,349121638.0
SNGYO,2020/9,2BB,Diğer Finansal Yükümlülükler,Other Short-Term Financial Liabilities,0.0
SNGYO,2020/9,2BBA,Ticari Borçlar,Long-Term Trade Payables,0.0
SNGYO,2020/9,2BBB,Diğer Borçlar,Other Long-Term Loans,3640942.0
SNGYO,2020/9,2BBBA,Müşteri Söz.Doğan Yük.,nan,0.0
SNGYO,2020/9,2BC,Finans Sektörü Faaliyetlerinden Borçlar,Long-Term Loans from Financial Operations,0.0
SNGYO,2020/9,2BD,Devlet Teşvik ve Yardımları,Long-Term Government Promotions and Aids,0.0
SNGYO,2020/9,2BDA,Ertelenmiş Gelirler (Müşteri Söz.Doğan Yük. Dış.Kal.),nan,72999450.0
SNGYO,2020/9,2BE,Uzun vadeli karşılıklar,Long-Term Provisions,618516.0
SNGYO,2020/9,2BF,Çalışanlara Sağlanan Faydalara İliş.Karş.,Provisions for Retirment Pay,0.0
SNGYO,2020/9,2BG,Ertelenmiş Vergi Yükümlülüğü,Deferred Tax Liabilities,0.0
SNGYO,2020/9,2BH,Diğer Uzun Vadeli Yükümlülükler,Other Long-Term Liabilities,0.0
SNGYO,2020/9,2N,Özkaynaklar,SHAREHOLDERS EQUITY,10706684.0
SNGYO,2020/9,2O,Ana Ortaklığa Ait Özkaynaklar,Parent Shareholders Capital,10706684.0
SNGYO,2020/9,2OA,Ödenmiş Sermaye,Share Capital,112435095.0
SNGYO,2020/9,2OC,Karşılıklı İştirak Sermayesi Düzeltmesi (-),Adjustments to Share Capital,0.0
SNGYO,2020/9,2OCA,Hisse Senedi İhraç Primleri,Premium in Excess of Par,8037383.0
SNGYO,2020/9,2OCB,Değer Artış Fonları,Market Value Surpluses,0.0
SNGYO,2020/9,2OCC,Yabancı Para Çevrim Farkları,FX Translation Differences,0.0
SNGYO,2020/9,2OCD,Kardan Ayrılan Kısıtlanmış Yedekler,Income Reserves,14016555.0
SNGYO,2020/9,2OCE,Geçmiş Yıllar Kar/Zararları,Retained Earnings /(Acc. Losses),-33843768.0
SNGYO,2020/9,2OCF,Dönem Net Kar/Zararı,Current Year Income /(Losses),-61737643.0
SNGYO,2020/9,2OD,Diğer Özsermaye Kalemleri,Other Sholders Equity Items,-28200938.0
SNGYO,2020/9,2ODA,Azınlık Payları,Minority Interests,0.0
SNGYO,2020/9,2ODB,TOPLAM KAYNAKLAR,TOTAL LIABILITIES AND S.HOLDERS EQUITY,719028682.0
SNGYO,2020/9,3B,Sürdürülen Faaliyetler,Continuing Operations,0.0
SNGYO,2020/9,3C,Satış Gelirleri,Net Sales,171018780.0
SNGYO,2020/9,3CA,Satışların Maliyeti (-),Cost Of Sales,-114658986.0
SNGYO,2020/9,3CAA,Ticari Faaliyetlerden Diğer Kar (Zarar),Other Profit (Loss) from Trade Operations,0.0
SNGYO,2020/9,3CAB,Ticari Faaliyetlerden Brüt Kar (Zarar),Gross Profit (Loss) from Trade Operations,56359794.0
SNGYO,2020/9,3CAC,"Faiz, Ücret, Prim, Komisyon ve Diğer Gelirler","Proceeds from Interest, Fee, Premium, Commission and Other",0.0
SNGYO,2020/9,3CAD,"Faiz, Ücret, Prim, Komisyon ve Diğer Giderler (-)","Expenses from Interest, Fee, Premium, Commission and Other",0.0
SNGYO,2020/9,3CAE,Finans Sektörü Faaliyetlerinden Diğer Kar (Zarar),Other Profit (Loss) from Financial Operations,0.0
SNGYO,2020/9,3CAF,Finans Sektörü Faaliyetlerinden Brüt Kar (Zarar),Gross Profit (Loss) from Financial Operations,0.0
SNGYO,2020/9,3CB,Diğer Gelir ve Giderler,Other Income (Expenses),0.0
SNGYO,2020/9,3D,BRÜT KAR (ZARAR),GROSS PROFIT (LOSS),56359794.0
SNGYO,2020/9,3DA,"Pazarlama, Satış ve Dağıtım Giderleri (-)",Marketing Selling & Distrib. Expenses (-),-5594589.0
SNGYO,2020/9,3DB,Genel Yönetim Giderleri (-),General Administrative Expenses (-),-4132043.0
SNGYO,2020/9,3DC,Araştırma ve Geliştirme Giderleri (-),Research & Development Expenses (-),0.0
SNGYO,2020/9,3DD,Diğer Faaliyet Gelirleri,Income from Other Operations,42546365.0
SNGYO,2020/9,3DE,Diğer Faaliyet Giderleri (-),Expenses from Other Operations (-),-26166270.0
SNGYO,2020/9,3DEA,Faaliyet Karı Öncesi Diğer Gelir ve Giderler,Other Income (Expenses) Before Operating Profits,0.0
SNGYO,2020/9,3DF,FAALİYET KARI (ZARARI),OPERATING PROFITS,63013256.0
SNGYO,2020/9,3H,Net Faaliyet Kar/Zararı,Net Operating Profits,46633162.0
SNGYO,2020/9,3HA,Yatırım Faaliyetlerinden Gelirler,nan,0.0
SNGYO,2020/9,3HAA,Yatırım Faaliyetlerinden Giderler (-),nan,0.0
SNGYO,2020/9,3HAB,Diğer Gelir ve Giderler,nan,0.0
SNGYO,2020/9,3HAC,Özkaynak Yöntemiyle Değerlenen Yatırımların Kar/Zararlarındaki Paylar,Profit (Loss) from Subsidiaries,34499.0
SNGYO,2020/9,3HACA,Finansman Gideri Öncesi Faaliyet Karı/Zararı,nan,63047756.0
SNGYO,2020/9,3HB,(Esas Faaliyet Dışı) Finansal Gelirler,Financial Income (from Other Operations),1724.0
SNGYO,2020/9,3HC,(Esas Faaliyet Dışı) Finansal Giderler (-),Financial Expenses (from Other Operations) (-),-134245294.0
SNGYO,2020/9,3HCA,Vergi Öncesi Diğer Gelir ve Giderler,Other Income (Expenses) Before Tax,0.0
SNGYO,2020/9,3I,SÜRDÜRÜLEN FAALİYETLER VERGİ ÖNCESİ KARI (ZARARI),PROFIT BEFORE TAX FROM CONTINUING OPERATIONS,-71195815.0
SNGYO,2020/9,3IA,Sürdürülen Faaliyetler Vergi Geliri (Gideri),Taxation on Continuing Operations,0.0
SNGYO,2020/9,3IB,Dönem Vergi Geliri (Gideri),Taxation on Income (Expenses),0.0
SNGYO,2020/9,3IC,Ertelenmiş Vergi Geliri (Gideri),Income (Expenses) of Deferred Tax,0.0
SNGYO,2020/9,3ID,Diğer Vergi Geliri (Gideri),Other Taxation Income (Expenses),0.0
SNGYO,2020/9,3J,SÜRDÜRÜLEN FAALİYETLER DÖNEM KARI/ZARARI,PROFIT FROM CONTINUING OPERATIONS,-71195815.0
SNGYO,2020/9,3K,DURDURULAN FAALİYETLER,DISCONTINUED OPERATIONS,0.0
SNGYO,2020/9,3KA,Durdurulan Faaliyetler Vergi Sonrası Dönem Karı (Zararı),Profit After Taxes from Discontinued Operations,0.0
SNGYO,2020/9,3L,DÖNEM KARI (ZARARI),NET PROFIT AFTER TAXES,-71195815.0
SNGYO,2020/9,3LA,Dönem Kar/Zararının Dağılımı,Distrubition of Profit (Loss),0.0
SNGYO,2020/9,3LB,Azınlık Payları,Minority Interests,0.0
SNGYO,2020/9,3Z,Ana Ortaklık Payları,Parent Shares,-71195815.0
SNGYO,2020/9,3ZD,Hisse Başına Kazanç,Earnings per Share,0.0
SNGYO,2020/9,3ZE,Seyreltilmiş Hisse Başına Kazanç,Diluted Earnings per Share,0.0
SNGYO,2020/9,3ZF,Sürdürülen Faaliyetlerden Hisse Başına Kazanç,Earnings per Share from Continuing Operations,0.0
SNGYO,2020/9,3ZG,Sürdürülen Faaliyetlerden Seyreltilmiş Hisse Başına Kazanç,Earnings per Share from Discontinued Operations,0.0
SNGYO,2020/9,4B,Amortisman Giderleri,Depreciation & Amortization,1015105.0
SNGYO,2020/9,4BA,Kıdem Tazminatı,Severance Payments,85066.0
SNGYO,2020/9,4BB,Finansman Giderleri,Financial Expenses,-134245294.0
SNGYO,2020/9,4BC,Yurtiçi Satışlar,Domestic Sales,0.0
SNGYO,2020/9,4BD,Yurtdışı Satışlar,Export Sales,0.0
SNGYO,2020/9,4BE,Net Yabancı Para Pozisyonu,Net Fx Position,-562992853.0
SNGYO,2020/9,4BEA,Parasal net yabancı para varlık/(yükümlülük) pozisyonu,Parasal net yabancı para varlık/(yükümlülük) pozisyonu,-562992853.0
SNGYO,2020/9,4BEB,Net YPP (Hedge Dahil),Net YPP (Hedge Dahil),-562992853.0
SNGYO,2020/9,4C,İşletme Faaliyetlerinden Kaynaklanan Net Nakit,Net Cash from Operations,86649984.0
SNGYO,2020/9,4CA,Düzeltme Öncesi Kar,Earnings Before Adjustments,-71195815.0
SNGYO,2020/9,4CAA,Düzeltmeler:,Adjustments:,189732108.0
SNGYO,2020/9,4CAB,Amortisman & İtfa Payları,Depreciation & Amortisation,1015105.0
SNGYO,2020/9,4CAC,Karşılıklardaki Değişim,Change in Provisions,85066.0
SNGYO,2020/9,4CAD,Diğer Gelir/ Gider,Other Income / Expense,188631937.0
SNGYO,2020/9,4CAE,İşletme Sermayesinde Değişikler Öncesi Faaliyet Karı (+),Operating Profit Before Changes in Working Capital (+),118536292.0
SNGYO,2020/9,4CAF,İşletme Sermayesindeki Değişiklikler,Change in Working Capital,-31899969.0
SNGYO,2020/9,4CAG,Esas Faaliyet ile İlgili Oluşan Nakit (+),Cash from Core Operations (+),86636323.0
SNGYO,2020/9,4CAH,Diğer İşletme Faaliyetlerinden Nakit,Cash from Other Operations,13661.0
SNGYO,2020/9,4CAI,Sabit Sermaye Yatırımları,Capital Expenditures (CapEx),-6221.0
SNGYO,2020/9,4CAJ,Diğer Yatırım Faaliyetlerinden Nakit,Cash from Other Investment Operations,6992695.0
SNGYO,2020/9,4CAK,Yatırım Faaliyetlerinden Kaynaklanan Nakit,Cash from Investment Operations,6986473.0
SNGYO,2020/9,4CB,Serbest Nakit Akım,Free Cash Flow,93636458.0
SNGYO,2020/9,4CBA,Finansal Borçlardaki Değişim,Change in Financial Debt,-58289993.0
SNGYO,2020/9,4CBB,Temettü Ödemeleri,Dividends Paid,0.0
SNGYO,2020/9,4CBC,Sermaye Artırımı,Rights Issue,0.0
SNGYO,2020/9,4CBD,Diğer Finansman Faaliyetlerinden Nakit,Cash from Other Financial Operations,-10776746.0
SNGYO,2020/9,4CBE,Finansman Faaliyetlerden Kaynaklanan Nakit,Cash from Financial Operations,-69066739.0
SNGYO,2020/9,4CBF,Yab. Para Çev. Fark. Etk. Önc.Nak.Ve Nak. Benz. Net Artış/Azalış,Cash Net Inc. / Dec. before For.Cur. Trans. Dif.,24569718.0
SNGYO,2020/9,4CBG,Yab.ı Para Çevrim Fark. Nakit Ve Nakit Benz. Üzerindeki Etkisi,Foreign Curr. Trans.Diff.Cash and Cash Benz. Imp.,0.0
SNGYO,2020/9,4CBH,Diğer Nakit Girişi/Çıkışı,Other Cash Inflow/Outflow,0.0
SNGYO,2020/9,4CBI,Nakit ve Benzerlerindeki Değişim,Change in Cash & Cash Equivalents,24569718.0
SNGYO,2020/9,4CBJ,Diğer Nakit ve Nakit Benzerlerindeki Artış,Other Cash & Cash Equivalents Change,0.0
SNGYO,2020/9,4CBK,Dönem Başı Nakit Değerler,Cash at the beginning of the Quarter,10356886.0
SNGYO,2020/9,4CBL,Dönem Sonu Nakit,Cash at the End of the Quarter,34926604.0
SNGYO,2021/12,1A,Dönen Varlıklar,CURRENT ASSETS,244034838.0
SNGYO,2021/12,1AA,Nakit ve Nakit Benzerleri,Cash and Cash Equivalents,13641292.0
SNGYO,2021/12,1AB,Finansal Yatırımlar,Short-Term Financial Investments,41938141.0
SNGYO,2021/12,1AC,Ticari Alacaklar,Short-Term Trade Receivables,35496897.0
SNGYO,2021/12,1AD,Finans Sektörü Faaliyetlerinden Alacaklar,Short-Term Receivables from Financial Operations,0.0
SNGYO,2021/12,1AE,Diğer Alacaklar,Short-Term Other Receivables,609263.0
SNGYO,2021/12,1AEA,Müşteri Sözleşmelerinden Doğan Varlıklar,nan,0.0
SNGYO,2021/12,1AF,Stoklar,Inventories,97134414.0
SNGYO,2021/12,1AG,Canlı Varlıklar,Short-Term Live Assets,0.0
SNGYO,2021/12,1AH,Diğer Dönen Varlıklar,Other Current Assets,55214830.0
SNGYO,2021/12,1AI,(Ara Toplam),(Subtotal),244034838.0
SNGYO,2021/12,1AJ,Satış Amacıyla Elde Tutulan Duran Varlıklar,Assets to be Sold,0.0
SNGYO,2021/12,1AK,Duran Varlıklar,LONG TERM ASSETS,519916058.0
SNGYO,2021/12,1B,Ticari Alacaklar,Trade Receivables,9097759.0
SNGYO,2021/12,1BA,Finans Sektörü Faaliyetlerinden Alacaklar,Long-Term Receivables from Financial Operations,0.0
SNGYO,2021/12,1BB,Diğer Alacaklar,Other Receivables,76195.0
SNGYO,2021/12,1BBA,Müşteri Sözleşmelerinden Doğan Varlıklar,nan,0.0
SNGYO,2021/12,1BC,Finansal Yatırımlar,Financial Investments,0.0
SNGYO,2021/12,1BD,Özkaynak Yöntemiyle Değerlenen Yatırımlar,Investments with Equity Method,1112507.0
SNGYO,2021/12,1BE,Canlı Varlıklar,Long-Term Live Assets,0.0
SNGYO,2021/12,1BF,Yatırım Amaçlı Gayrimenkuller,Real Estate Investments,356806138.0
SNGYO,2021/12,1BFA,Stoklar,Stoklar,33469724.0
SNGYO,2021/12,1BFAA,Kullanım Hakkı Varlıkları,nan,855954.0
SNGYO,2021/12,1BG,Maddi Duran Varlıklar,Tangible Fixed Assets,1071591.0
SNGYO,2021/12,1BGA,Şerefiye,Goodwill,0.0
SNGYO,2021/12,1BH,Maddi Olmayan Duran Varlıklar,Intangible Fixed Assets,64722.0
SNGYO,2021/12,1BJ,Ertelenmiş Vergi Varlığı,Long Term Deffered Tax Assets,0.0
SNGYO,2021/12,1BK,Diğer Duran Varlıklar,Other Long-Term Assets,117361471.0
SNGYO,2021/12,1BL,TOPLAM VARLIKLAR,TOTAL ASSETS,763950897.0
SNGYO,2021/12,1BM,KAYNAKLAR,LIABILITIES,0.0
SNGYO,2021/12,2A,Kısa Vadeli Yükümlülükler,SHORT TERM LIABILITIES,82448389.0
SNGYO,2021/12,2AA,Finansal Borçlar,Short-Term Financial Loans,42882863.0
SNGYO,2021/12,2AAG,Diğer Finansal Yükümlülükler,Other Short-Term Financial Liabilities,0.0
SNGYO,2021/12,2AAGAA,Ticari Borçlar,Short-Term Trade Payables,13071530.0
SNGYO,2021/12,2AAGAB,Diğer Borçlar,Other Short-Term Loans,983588.0
SNGYO,2021/12,2AAGAC,Müşteri Söz. Doğan Yük.,nan,0.0
SNGYO,2021/12,2AAGB,Finans Sektörü Faaliyetlerinden Borçlar,Short-Term Loans from Financial Operations,0.0
SNGYO,2021/12,2AAGC,Devlet Teşvik ve Yardımları,Short-Term Government Promotions and Aids,0.0
SNGYO,2021/12,2AAGCA,Ertelenmiş Gelirler (Müşteri Söz. Doğan Yük. Dış.Kal.),nan,23865692.0
SNGYO,2021/12,2AAGD,Dönem Karı Vergi Yükümlülüğü,Taxation Liabilities on Income (-),0.0
SNGYO,2021/12,2AAGE,Borç Karşılıkları,Short-Term Provisions,249605.0
SNGYO,2021/12,2AAGF,Diğer Kısa Vadeli Yükümlülükler,Other Short-Term Liabilities,1395111.0
SNGYO,2021/12,2AAGG,(Ara Toplam),(Subtotal),82448389.0
SNGYO,2021/12,2AAGH,Satış Amaçlı Elde Tutulan Duran Varlıklara İlişkin Yükümlülükler,Liabilities on Assets to be Sold,0.0
SNGYO,2021/12,2B,Uzun Vadeli Yükümlülükler,LONG TERM LIABILITIES,361737258.0
SNGYO,2021/12,2BA,Finansal Borçlar,Long-Term Financial Loans,300492393.0
SNGYO,2021/12,2BB,Diğer Finansal Yükümlülükler,Other Short-Term Financial Liabilities,0.0
SNGYO,2021/12,2BBA,Ticari Borçlar,Long-Term Trade Payables,0.0
SNGYO,2021/12,2BBB,Diğer Borçlar,Other Long-Term Loans,2185149.0
SNGYO,2021/12,2BBBA,Müşteri Söz.Doğan Yük.,nan,0.0
SNGYO,2021/12,2BC,Finans Sektörü Faaliyetlerinden Borçlar,Long-Term Loans from Financial Operations,0.0
SNGYO,2021/12,2BD,Devlet Teşvik ve Yardımları,Long-Term Government Promotions and Aids,0.0
SNGYO,2021/12,2BDA,Ertelenmiş Gelirler (Müşteri Söz.Doğan Yük. Dış.Kal.),nan,58586224.0
SNGYO,2021/12,2BE,Uzun vadeli karşılıklar,Long-Term Provisions,473491.0
SNGYO,2021/12,2BF,Çalışanlara Sağlanan Faydalara İliş.Karş.,Provisions for Retirment Pay,0.0
SNGYO,2021/12,2BG,Ertelenmiş Vergi Yükümlülüğü,Deferred Tax Liabilities,0.0
SNGYO,2021/12,2BH,Diğer Uzun Vadeli Yükümlülükler,Other Long-Term Liabilities,0.0
SNGYO,2021/12,2N,Özkaynaklar,SHAREHOLDERS EQUITY,319765250.0
SNGYO,2021/12,2O,Ana Ortaklığa Ait Özkaynaklar,Parent Shareholders Capital,319765250.0
SNGYO,2021/12,2OA,Ödenmiş Sermaye,Share Capital,65393053.0
SNGYO,2021/12,2OC,Karşılıklı İştirak Sermayesi Düzeltmesi (-),Adjustments to Share Capital,0.0
SNGYO,2021/12,2OCA,Hisse Senedi İhraç Primleri,Premium in Excess of Par,9505154.0
SNGYO,2021/12,2OCB,Değer Artış Fonları,Market Value Surpluses,0.0
SNGYO,2021/12,2OCC,Yabancı Para Çevrim Farkları,FX Translation Differences,0.0
SNGYO,2021/12,2OCD,Kardan Ayrılan Kısıtlanmış Yedekler,Income Reserves,13146016.0
SNGYO,2021/12,2OCE,Geçmiş Yıllar Kar/Zararları,Retained Earnings /(Acc. Losses),-13451750.0
SNGYO,2021/12,2OCF,Dönem Net Kar/Zararı,Current Year Income /(Losses),260695372.0
SNGYO,2021/12,2OD,Diğer Özsermaye Kalemleri,Other Sholders Equity Items,-15522595.0
SNGYO,2021/12,2ODA,Azınlık Payları,Minority Interests,0.0
SNGYO,2021/12,2ODB,TOPLAM KAYNAKLAR,TOTAL LIABILITIES AND S.HOLDERS EQUITY,763950897.0
SNGYO,2021/12,3B,Sürdürülen Faaliyetler,Continuing Operations,0.0
SNGYO,2021/12,3C,Satış Gelirleri,Net Sales,237916659.0
SNGYO,2021/12,3CA,Satışların Maliyeti (-),Cost Of Sales,-124549552.0
SNGYO,2021/12,3CAA,Ticari Faaliyetlerden Diğer Kar (Zarar),Other Profit (Loss) from Trade Operations,0.0
SNGYO,2021/12,3CAB,Ticari Faaliyetlerden Brüt Kar (Zarar),Gross Profit (Loss) from Trade Operations,113367107.0
SNGYO,2021/12,3CAC,"Faiz, Ücret, Prim, Komisyon ve Diğer Gelirler","Proceeds from Interest, Fee, Premium, Commission and Other",0.0
SNGYO,2021/12,3CAD,"Faiz, Ücret, Prim, Komisyon ve Diğer Giderler (-)","Expenses from Interest, Fee, Premium, Commission and Other",0.0
SNGYO,2021/12,3CAE,Finans Sektörü Faaliyetlerinden Diğer Kar (Zarar),Other Profit (Loss) from Financial Operations,0.0
SNGYO,2021/12,3CAF,Finans Sektörü Faaliyetlerinden Brüt Kar (Zarar),Gross Profit (Loss) from Financial Operations,0.0
SNGYO,2021/12,3CB,Diğer Gelir ve Giderler,Other Income (Expenses),0.0
SNGYO,2021/12,3D,BRÜT KAR (ZARAR),GROSS PROFIT (LOSS),113367107.0
SNGYO,2021/12,3DA,"Pazarlama, Satış ve Dağıtım Giderleri (-)",Marketing Selling & Distrib. Expenses (-),-8011864.0
SNGYO,2021/12,3DB,Genel Yönetim Giderleri (-),General Administrative Expenses (-),-8573825.0
SNGYO,2021/12,3DC,Araştırma ve Geliştirme Giderleri (-),Research & Development Expenses (-),0.0
SNGYO,2021/12,3DD,Diğer Faaliyet Gelirleri,Income from Other Operations,91908591.0
SNGYO,2021/12,3DE,Diğer Faaliyet Giderleri (-),Expenses from Other Operations (-),-51355580.0
SNGYO,2021/12,3DEA,Faaliyet Karı Öncesi Diğer Gelir ve Giderler,Other Income (Expenses) Before Operating Profits,422242211.0
SNGYO,2021/12,3DF,FAALİYET KARI (ZARARI),OPERATING PROFITS,559576640.0
SNGYO,2021/12,3H,Net Faaliyet Kar/Zararı,Net Operating Profits,519023629.0
SNGYO,2021/12,3HA,Yatırım Faaliyetlerinden Gelirler,nan,73433277.0
SNGYO,2021/12,3HAA,Yatırım Faaliyetlerinden Giderler (-),nan,0.0
SNGYO,2021/12,3HAB,Diğer Gelir ve Giderler,nan,0.0
SNGYO,2021/12,3HAC,Özkaynak Yöntemiyle Değerlenen Yatırımların Kar/Zararlarındaki Paylar,Profit (Loss) from Subsidiaries,83908.0
SNGYO,2021/12,3HACA,Finansman Gideri Öncesi Faaliyet Karı/Zararı,nan,633093826.0
SNGYO,2021/12,3HB,(Esas Faaliyet Dışı) Finansal Gelirler,Financial Income (from Other Operations),84912.0
SNGYO,2021/12,3HC,(Esas Faaliyet Dışı) Finansal Giderler (-),Financial Expenses (from Other Operations) (-),-243149782.0
SNGYO,2021/12,3HCA,Vergi Öncesi Diğer Gelir ve Giderler,Other Income (Expenses) Before Tax,73433277.0
SNGYO,2021/12,3I,SÜRDÜRÜLEN FAALİYETLER VERGİ ÖNCESİ KARI (ZARARI),PROFIT BEFORE TAX FROM CONTINUING OPERATIONS,390028956.0
SNGYO,2021/12,3IA,Sürdürülen Faaliyetler Vergi Geliri (Gideri),Taxation on Continuing Operations,0.0
SNGYO,2021/12,3IB,Dönem Vergi Geliri (Gideri),Taxation on Income (Expenses),0.0
SNGYO,2021/12,3IC,Ertelenmiş Vergi Geliri (Gideri),Income (Expenses) of Deferred Tax,0.0
SNGYO,2021/12,3ID,Diğer Vergi Geliri (Gideri),Other Taxation Income (Expenses),0.0
SNGYO,2021/12,3J,SÜRDÜRÜLEN FAALİYETLER DÖNEM KARI/ZARARI,PROFIT FROM CONTINUING OPERATIONS,390028956.0
SNGYO,2021/12,3K,DURDURULAN FAALİYETLER,DISCONTINUED OPERATIONS,0.0
SNGYO,2021/12,3KA,Durdurulan Faaliyetler Vergi Sonrası Dönem Karı (Zararı),Profit After Taxes from Discontinued Operations,0.0
SNGYO,2021/12,3L,DÖNEM KARI (ZARARI),NET PROFIT AFTER TAXES,390028956.0
SNGYO,2021/12,3LA,Dönem Kar/Zararının Dağılımı,Distrubition of Profit (Loss),0.0
SNGYO,2021/12,3LB,Azınlık Payları,Minority Interests,0.0
SNGYO,2021/12,3Z,Ana Ortaklık Payları,Parent Shares,390028956.0
SNGYO,2021/12,3ZD,Hisse Başına Kazanç,Earnings per Share,0.0
SNGYO,2021/12,3ZE,Seyreltilmiş Hisse Başına Kazanç,Diluted Earnings per Share,0.0
SNGYO,2021/12,3ZF,Sürdürülen Faaliyetlerden Hisse Başına Kazanç,Earnings per Share from Continuing Operations,0.0
SNGYO,2021/12,3ZG,Sürdürülen Faaliyetlerden Seyreltilmiş Hisse Başına Kazanç,Earnings per Share from Discontinued Operations,0.0
SNGYO,2021/12,4B,Amortisman Giderleri,Depreciation & Amortization,413875.0
SNGYO,2021/12,4BA,Kıdem Tazminatı,Severance Payments,13591.0
SNGYO,2021/12,4BB,Finansman Giderleri,Financial Expenses,-243149782.0
SNGYO,2021/12,4BC,Yurtiçi Satışlar,Domestic Sales,0.0
SNGYO,2021/12,4BD,Yurtdışı Satışlar,Export Sales,0.0
SNGYO,2021/12,4BE,Net Yabancı Para Pozisyonu,Net Fx Position,-402575359.0
SNGYO,2021/12,4BEA,Parasal net yabancı para varlık/(yükümlülük) pozisyonu,Parasal net yabancı para varlık/(yükümlülük) pozisyonu,-402575359.0
SNGYO,2021/12,4BEB,Net YPP (Hedge Dahil),Net YPP (Hedge Dahil),-402575359.0
SNGYO,2021/12,4C,İşletme Faaliyetlerinden Kaynaklanan Net Nakit,Net Cash from Operations,225820240.0
SNGYO,2021/12,4CA,Düzeltme Öncesi Kar,Earnings Before Adjustments,390028956.0
SNGYO,2021/12,4CAA,Düzeltmeler:,Adjustments:,-177888983.0
SNGYO,2021/12,4CAB,Amortisman & İtfa Payları,Depreciation & Amortisation,413875.0
SNGYO,2021/12,4CAC,Karşılıklardaki Değişim,Change in Provisions,-146777.0
SNGYO,2021/12,4CAD,Diğer Gelir/ Gider,Other Income / Expense,-178156081.0
SNGYO,2021/12,4CAE,İşletme Sermayesinde Değişikler Öncesi Faaliyet Karı (+),Operating Profit Before Changes in Working Capital (+),212139974.0
SNGYO,2021/12,4CAF,İşletme Sermayesindeki Değişiklikler,Change in Working Capital,13635458.0
SNGYO,2021/12,4CAG,Esas Faaliyet ile İlgili Oluşan Nakit (+),Cash from Core Operations (+),225775432.0
SNGYO,2021/12,4CAH,Diğer İşletme Faaliyetlerinden Nakit,Cash from Other Operations,44808.0
SNGYO,2021/12,4CAI,Sabit Sermaye Yatırımları,Capital Expenditures (CapEx),702042.0
SNGYO,2021/12,4CAJ,Diğer Yatırım Faaliyetlerinden Nakit,Cash from Other Investment Operations,-7544498.0
SNGYO,2021/12,4CAK,Yatırım Faaliyetlerinden Kaynaklanan Nakit,Cash from Investment Operations,-6842456.0
SNGYO,2021/12,4CB,Serbest Nakit Akım,Free Cash Flow,218977784.0
SNGYO,2021/12,4CBA,Finansal Borçlardaki Değişim,Change in Financial Debt,-201940082.0
SNGYO,2021/12,4CBB,Temettü Ödemeleri,Dividends Paid,0.0
SNGYO,2021/12,4CBC,Sermaye Artırımı,Rights Issue,0.0
SNGYO,2021/12,4CBD,Diğer Finansman Faaliyetlerinden Nakit,Cash from Other Financial Operations,-4540524.0
SNGYO,2021/12,4CBE,Finansman Faaliyetlerden Kaynaklanan Nakit,Cash from Financial Operations,-206480606.0
SNGYO,2021/12,4CBF,Yab. Para Çev. Fark. Etk. Önc.Nak.Ve Nak. Benz. Net Artış/Azalış,Cash Net Inc. / Dec. before For.Cur. Trans. Dif.,12497178.0
SNGYO,2021/12,4CBG,Yab.ı Para Çevrim Fark. Nakit Ve Nakit Benz. Üzerindeki Etkisi,Foreign Curr. Trans.Diff.Cash and Cash Benz. Imp.,0.0
SNGYO,2021/12,4CBH,Diğer Nakit Girişi/Çıkışı,Other Cash Inflow/Outflow,0.0
SNGYO,2021/12,4CBI,Nakit ve Benzerlerindeki Değişim,Change in Cash & Cash Equivalents,12497178.0
SNGYO,2021/12,4CBJ,Diğer Nakit ve Nakit Benzerlerindeki Artış,Other Cash & Cash Equivalents Change,0.0
SNGYO,2021/12,4CBK,Dönem Başı Nakit Değerler,Cash at the beginning of the Quarter,7911696.0
SNGYO,2021/12,4CBL,Dönem Sonu Nakit,Cash at the End of the Quarter,20408874.0
SNGYO,2021/3,1A,Dönen Varlıklar,CURRENT ASSETS,309974638.0
SNGYO,2021/3,1AA,Nakit ve Nakit Benzerleri,Cash and Cash Equivalents,5587522.0
SNGYO,2021/3,1AB,Finansal Yatırımlar,Short-Term Financial Investments,0.0
SNGYO,2021/3,1AC,Ticari Alacaklar,Short-Term Trade Receivables,51426702.0
SNGYO,2021/3,1AD,Finans Sektörü Faaliyetlerinden Alacaklar,Short-Term Receivables from Financial Operations,0.0
SNGYO,2021/3,1AE,Diğer Alacaklar,Short-Term Other Receivables,5490267.0
SNGYO,2021/3,1AEA,Müşteri Sözleşmelerinden Doğan Varlıklar,nan,0.0
SNGYO,2021/3,1AF,Stoklar,Inventories,186796275.0
SNGYO,2021/3,1AG,Canlı Varlıklar,Short-Term Live Assets,0.0
SNGYO,2021/3,1AH,Diğer Dönen Varlıklar,Other Current Assets,60673871.0
SNGYO,2021/3,1AI,(Ara Toplam),(Subtotal),309974638.0
SNGYO,2021/3,1AJ,Satış Amacıyla Elde Tutulan Duran Varlıklar,Assets to be Sold,0.0
SNGYO,2021/3,1AK,Duran Varlıklar,LONG TERM ASSETS,550387465.0
SNGYO,2021/3,1B,Ticari Alacaklar,Trade Receivables,19867020.0
SNGYO,2021/3,1BA,Finans Sektörü Faaliyetlerinden Alacaklar,Long-Term Receivables from Financial Operations,0.0
SNGYO,2021/3,1BB,Diğer Alacaklar,Other Receivables,124619.0
SNGYO,2021/3,1BBA,Müşteri Sözleşmelerinden Doğan Varlıklar,nan,0.0
SNGYO,2021/3,1BC,Finansal Yatırımlar,Financial Investments,0.0
SNGYO,2021/3,1BD,Özkaynak Yöntemiyle Değerlenen Yatırımlar,Investments with Equity Method,1691254.0
SNGYO,2021/3,1BE,Canlı Varlıklar,Long-Term Live Assets,0.0
SNGYO,2021/3,1BF,Yatırım Amaçlı Gayrimenkuller,Real Estate Investments,202549258.0
SNGYO,2021/3,1BFA,Stoklar,Stoklar,71698929.0
SNGYO,2021/3,1BFAA,Kullanım Hakkı Varlıkları,nan,2073250.0
SNGYO,2021/3,1BG,Maddi Duran Varlıklar,Tangible Fixed Assets,1805857.0
SNGYO,2021/3,1BGA,Şerefiye,Goodwill,0.0
SNGYO,2021/3,1BH,Maddi Olmayan Duran Varlıklar,Intangible Fixed Assets,83056.0
SNGYO,2021/3,1BJ,Ertelenmiş Vergi Varlığı,Long Term Deffered Tax Assets,0.0
SNGYO,2021/3,1BK,Diğer Duran Varlıklar,Other Long-Term Assets,250494222.0
SNGYO,2021/3,1BL,TOPLAM VARLIKLAR,TOTAL ASSETS,860362102.0
SNGYO,2021/3,1BM,KAYNAKLAR,LIABILITIES,0.0
SNGYO,2021/3,2A,Kısa Vadeli Yükümlülükler,SHORT TERM LIABILITIES,263535005.0
SNGYO,2021/3,2AA,Finansal Borçlar,Short-Term Financial Loans,195780094.0
SNGYO,2021/3,2AAG,Diğer Finansal Yükümlülükler,Other Short-Term Financial Liabilities,0.0
SNGYO,2021/3,2AAGAA,Ticari Borçlar,Short-Term Trade Payables,33852377.0
SNGYO,2021/3,2AAGAB,Diğer Borçlar,Other Short-Term Loans,10491510.0
SNGYO,2021/3,2AAGAC,Müşteri Söz. Doğan Yük.,nan,0.0
SNGYO,2021/3,2AAGB,Finans Sektörü Faaliyetlerinden Borçlar,Short-Term Loans from Financial Operations,0.0
SNGYO,2021/3,2AAGC,Devlet Teşvik ve Yardımları,Short-Term Government Promotions and Aids,0.0
SNGYO,2021/3,2AAGCA,Ertelenmiş Gelirler (Müşteri Söz. Doğan Yük. Dış.Kal.),nan,22046417.0
SNGYO,2021/3,2AAGD,Dönem Karı Vergi Yükümlülüğü,Taxation Liabilities on Income (-),0.0
SNGYO,2021/3,2AAGE,Borç Karşılıkları,Short-Term Provisions,446220.0
SNGYO,2021/3,2AAGF,Diğer Kısa Vadeli Yükümlülükler,Other Short-Term Liabilities,918387.0
SNGYO,2021/3,2AAGG,(Ara Toplam),(Subtotal),263535005.0
SNGYO,2021/3,2AAGH,Satış Amaçlı Elde Tutulan Duran Varlıklara İlişkin Yükümlülükler,Liabilities on Assets to be Sold,0.0
SNGYO,2021/3,2B,Uzun Vadeli Yükümlülükler,LONG TERM LIABILITIES,379596977.0
SNGYO,2021/3,2BA,Finansal Borçlar,Long-Term Financial Loans,307207529.0
SNGYO,2021/3,2BB,Diğer Finansal Yükümlülükler,Other Short-Term Financial Liabilities,0.0
SNGYO,2021/3,2BBA,Ticari Borçlar,Long-Term Trade Payables,0.0
SNGYO,2021/3,2BBB,Diğer Borçlar,Other Long-Term Loans,3541442.0
SNGYO,2021/3,2BBBA,Müşteri Söz.Doğan Yük.,nan,0.0
SNGYO,2021/3,2BC,Finans Sektörü Faaliyetlerinden Borçlar,Long-Term Loans from Financial Operations,0.0
SNGYO,2021/3,2BD,Devlet Teşvik ve Yardımları,Long-Term Government Promotions and Aids,0.0
SNGYO,2021/3,2BDA,Ertelenmiş Gelirler (Müşteri Söz.Doğan Yük. Dış.Kal.),nan,68246961.0
SNGYO,2021/3,2BE,Uzun vadeli karşılıklar,Long-Term Provisions,601044.0
SNGYO,2021/3,2BF,Çalışanlara Sağlanan Faydalara İliş.Karş.,Provisions for Retirment Pay,0.0
SNGYO,2021/3,2BG,Ertelenmiş Vergi Yükümlülüğü,Deferred Tax Liabilities,0.0
SNGYO,2021/3,2BH,Diğer Uzun Vadeli Yükümlülükler,Other Long-Term Liabilities,0.0
SNGYO,2021/3,2N,Özkaynaklar,SHAREHOLDERS EQUITY,217230121.0
SNGYO,2021/3,2O,Ana Ortaklığa Ait Özkaynaklar,Parent Shareholders Capital,217230121.0
SNGYO,2021/3,2OA,Ödenmiş Sermaye,Share Capital,104689410.0
SNGYO,2021/3,2OC,Karşılıklı İştirak Sermayesi Düzeltmesi (-),Adjustments to Share Capital,0.0
SNGYO,2021/3,2OCA,Hisse Senedi İhraç Primleri,Premium in Excess of Par,0.0
SNGYO,2021/3,2OCB,Değer Artış Fonları,Market Value Surpluses,0.0
SNGYO,2021/3,2OCC,Yabancı Para Çevrim Farkları,FX Translation Differences,0.0
SNGYO,2021/3,2OCD,Kardan Ayrılan Kısıtlanmış Yedekler,Income Reserves,13069184.0
SNGYO,2021/3,2OCE,Geçmiş Yıllar Kar/Zararları,Retained Earnings /(Acc. Losses),-13558642.0
SNGYO,2021/3,2OCF,Dönem Net Kar/Zararı,Current Year Income /(Losses),131751470.0
SNGYO,2021/3,2OD,Diğer Özsermaye Kalemleri,Other Sholders Equity Items,-18721302.0
SNGYO,2021/3,2ODA,Azınlık Payları,Minority Interests,0.0
SNGYO,2021/3,2ODB,TOPLAM KAYNAKLAR,TOTAL LIABILITIES AND S.HOLDERS EQUITY,860362102.0
SNGYO,2021/3,3B,Sürdürülen Faaliyetler,Continuing Operations,0.0
SNGYO,2021/3,3C,Satış Gelirleri,Net Sales,47283926.0
SNGYO,2021/3,3CA,Satışların Maliyeti (-),Cost Of Sales,-42108192.0
SNGYO,2021/3,3CAA,Ticari Faaliyetlerden Diğer Kar (Zarar),Other Profit (Loss) from Trade Operations,0.0
SNGYO,2021/3,3CAB,Ticari Faaliyetlerden Brüt Kar (Zarar),Gross Profit (Loss) from Trade Operations,5175734.0
SNGYO,2021/3,3CAC,"Faiz, Ücret, Prim, Komisyon ve Diğer Gelirler","Proceeds from Interest, Fee, Premium, Commission and Other",0.0
SNGYO,2021/3,3CAD,"Faiz, Ücret, Prim, Komisyon ve Diğer Giderler (-)","Expenses from Interest, Fee, Premium, Commission and Other",0.0
SNGYO,2021/3,3CAE,Finans Sektörü Faaliyetlerinden Diğer Kar (Zarar),Other Profit (Loss) from Financial Operations,0.0
SNGYO,2021/3,3CAF,Finans Sektörü Faaliyetlerinden Brüt Kar (Zarar),Gross Profit (Loss) from Financial Operations,0.0
SNGYO,2021/3,3CB,Diğer Gelir ve Giderler,Other Income (Expenses),0.0
SNGYO,2021/3,3D,BRÜT KAR (ZARAR),GROSS PROFIT (LOSS),5175734.0
SNGYO,2021/3,3DA,"Pazarlama, Satış ve Dağıtım Giderleri (-)",Marketing Selling & Distrib. Expenses (-),-2301978.0
SNGYO,2021/3,3DB,Genel Yönetim Giderleri (-),General Administrative Expenses (-),-1623483.0
SNGYO,2021/3,3DC,Araştırma ve Geliştirme Giderleri (-),Research & Development Expenses (-),0.0
SNGYO,2021/3,3DD,Diğer Faaliyet Gelirleri,Income from Other Operations,19852287.0
SNGYO,2021/3,3DE,Diğer Faaliyet Giderleri (-),Expenses from Other Operations (-),-19433746.0
SNGYO,2021/3,3DEA,Faaliyet Karı Öncesi Diğer Gelir ve Giderler,Other Income (Expenses) Before Operating Profits,207910978.0
SNGYO,2021/3,3DF,FAALİYET KARI (ZARARI),OPERATING PROFITS,209579793.0
SNGYO,2021/3,3H,Net Faaliyet Kar/Zararı,Net Operating Profits,209161252.0
SNGYO,2021/3,3HA,Yatırım Faaliyetlerinden Gelirler,nan,0.0
SNGYO,2021/3,3HAA,Yatırım Faaliyetlerinden Giderler (-),nan,0.0
SNGYO,2021/3,3HAB,Diğer Gelir ve Giderler,nan,0.0
SNGYO,2021/3,3HAC,Özkaynak Yöntemiyle Değerlenen Yatırımların Kar/Zararlarındaki Paylar,Profit (Loss) from Subsidiaries,0.0
SNGYO,2021/3,3HACA,Finansman Gideri Öncesi Faaliyet Karı/Zararı,nan,209579793.0
SNGYO,2021/3,3HB,(Esas Faaliyet Dışı) Finansal Gelirler,Financial Income (from Other Operations),2750.0
SNGYO,2021/3,3HC,(Esas Faaliyet Dışı) Finansal Giderler (-),Financial Expenses (from Other Operations) (-),-61183203.0
SNGYO,2021/3,3HCA,Vergi Öncesi Diğer Gelir ve Giderler,Other Income (Expenses) Before Tax,0.0
SNGYO,2021/3,3I,SÜRDÜRÜLEN FAALİYETLER VERGİ ÖNCESİ KARI (ZARARI),PROFIT BEFORE TAX FROM CONTINUING OPERATIONS,148399340.0
SNGYO,2021/3,3IA,Sürdürülen Faaliyetler Vergi Geliri (Gideri),Taxation on Continuing Operations,0.0
SNGYO,2021/3,3IB,Dönem Vergi Geliri (Gideri),Taxation on Income (Expenses),0.0
SNGYO,2021/3,3IC,Ertelenmiş Vergi Geliri (Gideri),Income (Expenses) of Deferred Tax,0.0
SNGYO,2021/3,3ID,Diğer Vergi Geliri (Gideri),Other Taxation Income (Expenses),0.0
SNGYO,2021/3,3J,SÜRDÜRÜLEN FAALİYETLER DÖNEM KARI/ZARARI,PROFIT FROM CONTINUING OPERATIONS,148399340.0
SNGYO,2021/3,3K,DURDURULAN FAALİYETLER,DISCONTINUED OPERATIONS,0.0
SNGYO,2021/3,3KA,Durdurulan Faaliyetler Vergi Sonrası Dönem Karı (Zararı),Profit After Taxes from Discontinued Operations,0.0
SNGYO,2021/3,3L,DÖNEM KARI (ZARARI),NET PROFIT AFTER TAXES,148399340.0
SNGYO,2021/3,3LA,Dönem Kar/Zararının Dağılımı,Distrubition of Profit (Loss),0.0
SNGYO,2021/3,3LB,Azınlık Payları,Minority Interests,0.0
SNGYO,2021/3,3Z,Ana Ortaklık Payları,Parent Shares,148399340.0
SNGYO,2021/3,3ZD,Hisse Başına Kazanç,Earnings per Share,0.0
SNGYO,2021/3,3ZE,Seyreltilmiş Hisse Başına Kazanç,Diluted Earnings per Share,0.0
SNGYO,2021/3,3ZF,Sürdürülen Faaliyetlerden Hisse Başına Kazanç,Earnings per Share from Continuing Operations,0.0
SNGYO,2021/3,3ZG,Sürdürülen Faaliyetlerden Seyreltilmiş Hisse Başına Kazanç,Earnings per Share from Discontinued Operations,0.0
SNGYO,2021/3,4B,Amortisman Giderleri,Depreciation & Amortization,470130.0
SNGYO,2021/3,4BA,Kıdem Tazminatı,Severance Payments,166280.0
SNGYO,2021/3,4BB,Finansman Giderleri,Financial Expenses,-61183203.0
SNGYO,2021/3,4BC,Yurtiçi Satışlar,Domestic Sales,0.0
SNGYO,2021/3,4BD,Yurtdışı Satışlar,Export Sales,0.0
SNGYO,2021/3,4BE,Net Yabancı Para Pozisyonu,Net Fx Position,-474509882.0
SNGYO,2021/3,4BEA,Parasal net yabancı para varlık/(yükümlülük) pozisyonu,Parasal net yabancı para varlık/(yükümlülük) pozisyonu,-474509882.0
SNGYO,2021/3,4BEB,Net YPP (Hedge Dahil),Net YPP (Hedge Dahil),-474509882.0
SNGYO,2021/3,4C,İşletme Faaliyetlerinden Kaynaklanan Net Nakit,Net Cash from Operations,11737058.0
SNGYO,2021/3,4CA,Düzeltme Öncesi Kar,Earnings Before Adjustments,148399340.0
SNGYO,2021/3,4CAA,Düzeltmeler:,Adjustments:,-143026461.0
SNGYO,2021/3,4CAB,Amortisman & İtfa Payları,Depreciation & Amortisation,470130.0
SNGYO,2021/3,4CAC,Karşılıklardaki Değişim,Change in Provisions,166280.0
SNGYO,2021/3,4CAD,Diğer Gelir/ Gider,Other Income / Expense,-143662872.0
SNGYO,2021/3,4CAE,İşletme Sermayesinde Değişikler Öncesi Faaliyet Karı (+),Operating Profit Before Changes in Working Capital (+),5372878.0
SNGYO,2021/3,4CAF,İşletme Sermayesindeki Değişiklikler,Change in Working Capital,6324191.0
SNGYO,2021/3,4CAG,Esas Faaliyet ile İlgili Oluşan Nakit (+),Cash from Core Operations (+),11697070.0
SNGYO,2021/3,4CAH,Diğer İşletme Faaliyetlerinden Nakit,Cash from Other Operations,39989.0
SNGYO,2021/3,4CAI,Sabit Sermaye Yatırımları,Capital Expenditures (CapEx),-86793.0
SNGYO,2021/3,4CAJ,Diğer Yatırım Faaliyetlerinden Nakit,Cash from Other Investment Operations,34651262.0
SNGYO,2021/3,4CAK,Yatırım Faaliyetlerinden Kaynaklanan Nakit,Cash from Investment Operations,34564470.0
SNGYO,2021/3,4CB,Serbest Nakit Akım,Free Cash Flow,46301528.0
SNGYO,2021/3,4CBA,Finansal Borçlardaki Değişim,Change in Financial Debt,-37165511.0
SNGYO,2021/3,4CBB,Temettü Ödemeleri,Dividends Paid,0.0
SNGYO,2021/3,4CBC,Sermaye Artırımı,Rights Issue,0.0
SNGYO,2021/3,4CBD,Diğer Finansman Faaliyetlerinden Nakit,Cash from Other Financial Operations,-12378190.0
SNGYO,2021/3,4CBE,Finansman Faaliyetlerden Kaynaklanan Nakit,Cash from Financial Operations,-49543701.0
SNGYO,2021/3,4CBF,Yab. Para Çev. Fark. Etk. Önc.Nak.Ve Nak. Benz. Net Artış/Azalış,Cash Net Inc. / Dec. before For.Cur. Trans. Dif.,-3242173.0
SNGYO,2021/3,4CBG,Yab.ı Para Çevrim Fark. Nakit Ve Nakit Benz. Üzerindeki Etkisi,Foreign Curr. Trans.Diff.Cash and Cash Benz. Imp.,0.0
SNGYO,2021/3,4CBH,Diğer Nakit Girişi/Çıkışı,Other Cash Inflow/Outflow,0.0
SNGYO,2021/3,4CBI,Nakit ve Benzerlerindeki Değişim,Change in Cash & Cash Equivalents,-3242173.0
SNGYO,2021/3,4CBJ,Diğer Nakit ve Nakit Benzerlerindeki Artış,Other Cash & Cash Equivalents Change,0.0
SNGYO,2021/3,4CBK,Dönem Başı Nakit Değerler,Cash at the beginning of the Quarter,9535725.0
SNGYO,2021/3,4CBL,Dönem Sonu Nakit,Cash at the End of the Quarter,6293551.0
SNGYO,2021/6,1A,Dönen Varlıklar,CURRENT ASSETS,327773951.0
SNGYO,2021/6,1AA,Nakit ve Nakit Benzerleri,Cash and Cash Equivalents,34163203.0
SNGYO,2021/6,1AB,Finansal Yatırımlar,Short-Term Financial Investments,0.0
SNGYO,2021/6,1AC,Ticari Alacaklar,Short-Term Trade Receivables,48863156.0
SNGYO,2021/6,1AD,Finans Sektörü Faaliyetlerinden Alacaklar,Short-Term Receivables from Financial Operations,0.0
SNGYO,2021/6,1AE,Diğer Alacaklar,Short-Term Other Receivables,5178831.0
SNGYO,2021/6,1AEA,Müşteri Sözleşmelerinden Doğan Varlıklar,nan,0.0
SNGYO,2021/6,1AF,Stoklar,Inventories,182261437.0
SNGYO,2021/6,1AG,Canlı Varlıklar,Short-Term Live Assets,0.0
SNGYO,2021/6,1AH,Diğer Dönen Varlıklar,Other Current Assets,57307324.0
SNGYO,2021/6,1AI,(Ara Toplam),(Subtotal),327773951.0
SNGYO,2021/6,1AJ,Satış Amacıyla Elde Tutulan Duran Varlıklar,Assets to be Sold,0.0
SNGYO,2021/6,1AK,Duran Varlıklar,LONG TERM ASSETS,515447256.0
SNGYO,2021/6,1B,Ticari Alacaklar,Trade Receivables,17371891.0
SNGYO,2021/6,1BA,Finans Sektörü Faaliyetlerinden Alacaklar,Long-Term Receivables from Financial Operations,0.0
SNGYO,2021/6,1BB,Diğer Alacaklar,Other Receivables,119518.0
SNGYO,2021/6,1BBA,Müşteri Sözleşmelerinden Doğan Varlıklar,nan,0.0
SNGYO,2021/6,1BC,Finansal Yatırımlar,Financial Investments,0.0
SNGYO,2021/6,1BD,Özkaynak Yöntemiyle Değerlenen Yatırımlar,Investments with Equity Method,1731380.0
SNGYO,2021/6,1BE,Canlı Varlıklar,Long-Term Live Assets,0.0
SNGYO,2021/6,1BF,Yatırım Amaçlı Gayrimenkuller,Real Estate Investments,191788412.0
SNGYO,2021/6,1BFA,Stoklar,Stoklar,60475956.0
SNGYO,2021/6,1BFAA,Kullanım Hakkı Varlıkları,nan,1757704.0
SNGYO,2021/6,1BG,Maddi Duran Varlıklar,Tangible Fixed Assets,1843329.0
SNGYO,2021/6,1BGA,Şerefiye,Goodwill,0.0
SNGYO,2021/6,1BH,Maddi Olmayan Duran Varlıklar,Intangible Fixed Assets,85760.0
SNGYO,2021/6,1BJ,Ertelenmiş Vergi Varlığı,Long Term Deffered Tax Assets,0.0
SNGYO,2021/6,1BK,Diğer Duran Varlıklar,Other Long-Term Assets,240273307.0
SNGYO,2021/6,1BL,TOPLAM VARLIKLAR,TOTAL ASSETS,843221207.0
SNGYO,2021/6,1BM,KAYNAKLAR,LIABILITIES,0.0
SNGYO,2021/6,2A,Kısa Vadeli Yükümlülükler,SHORT TERM LIABILITIES,152456550.0
SNGYO,2021/6,2AA,Finansal Borçlar,Short-Term Financial Loans,69107403.0
SNGYO,2021/6,2AAG,Diğer Finansal Yükümlülükler,Other Short-Term Financial Liabilities,0.0
SNGYO,2021/6,2AAGAA,Ticari Borçlar,Short-Term Trade Payables,51232339.0
SNGYO,2021/6,2AAGAB,Diğer Borçlar,Other Short-Term Loans,3991407.0
SNGYO,2021/6,2AAGAC,Müşteri Söz. Doğan Yük.,nan,0.0
SNGYO,2021/6,2AAGB,Finans Sektörü Faaliyetlerinden Borçlar,Short-Term Loans from Financial Operations,0.0
SNGYO,2021/6,2AAGC,Devlet Teşvik ve Yardımları,Short-Term Government Promotions and Aids,0.0
SNGYO,2021/6,2AAGCA,Ertelenmiş Gelirler (Müşteri Söz. Doğan Yük. Dış.Kal.),nan,26218497.0
SNGYO,2021/6,2AAGD,Dönem Karı Vergi Yükümlülüğü,Taxation Liabilities on Income (-),0.0
SNGYO,2021/6,2AAGE,Borç Karşılıkları,Short-Term Provisions,393149.0
SNGYO,2021/6,2AAGF,Diğer Kısa Vadeli Yükümlülükler,Other Short-Term Liabilities,1513755.0
SNGYO,2021/6,2AAGG,(Ara Toplam),(Subtotal),152456550.0
SNGYO,2021/6,2AAGH,Satış Amaçlı Elde Tutulan Duran Varlıklara İlişkin Yükümlülükler,Liabilities on Assets to be Sold,0.0
SNGYO,2021/6,2B,Uzun Vadeli Yükümlülükler,LONG TERM LIABILITIES,494028856.0
SNGYO,2021/6,2BA,Finansal Borçlar,Long-Term Financial Loans,402969707.0
SNGYO,2021/6,2BB,Diğer Finansal Yükümlülükler,Other Short-Term Financial Liabilities,0.0
SNGYO,2021/6,2BBA,Ticari Borçlar,Long-Term Trade Payables,0.0
SNGYO,2021/6,2BBB,Diğer Borçlar,Other Long-Term Loans,2957250.0
SNGYO,2021/6,2BBBA,Müşteri Söz.Doğan Yük.,nan,0.0
SNGYO,2021/6,2BC,Finans Sektörü Faaliyetlerinden Borçlar,Long-Term Loans from Financial Operations,0.0
SNGYO,2021/6,2BD,Devlet Teşvik ve Yardımları,Long-Term Government Promotions and Aids,0.0
SNGYO,2021/6,2BDA,Ertelenmiş Gelirler (Müşteri Söz.Doğan Yük. Dış.Kal.),nan,87539052.0
SNGYO,2021/6,2BE,Uzun vadeli karşılıklar,Long-Term Provisions,562847.0
SNGYO,2021/6,2BF,Çalışanlara Sağlanan Faydalara İliş.Karş.,Provisions for Retirment Pay,0.0
SNGYO,2021/6,2BG,Ertelenmiş Vergi Yükümlülüğü,Deferred Tax Liabilities,0.0
SNGYO,2021/6,2BH,Diğer Uzun Vadeli Yükümlülükler,Other Long-Term Liabilities,0.0
SNGYO,2021/6,2N,Özkaynaklar,SHAREHOLDERS EQUITY,196735801.0
SNGYO,2021/6,2O,Ana Ortaklığa Ait Özkaynaklar,Parent Shareholders Capital,196735801.0
SNGYO,2021/6,2OA,Ödenmiş Sermaye,Share Capital,100414383.0
SNGYO,2021/6,2OC,Karşılıklı İştirak Sermayesi Düzeltmesi (-),Adjustments to Share Capital,0.0
SNGYO,2021/6,2OCA,Hisse Senedi İhraç Primleri,Premium in Excess of Par,7178087.0
SNGYO,2021/6,2OCB,Değer Artış Fonları,Market Value Surpluses,0.0
SNGYO,2021/6,2OCC,Yabancı Para Çevrim Farkları,FX Translation Differences,0.0
SNGYO,2021/6,2OCD,Kardan Ayrılan Kısıtlanmış Yedekler,Income Reserves,12535500.0
SNGYO,2021/6,2OCE,Geçmiş Yıllar Kar/Zararları,Retained Earnings /(Acc. Losses),-13004970.0
SNGYO,2021/6,2OCF,Dönem Net Kar/Zararı,Current Year Income /(Losses),114735907.0
SNGYO,2021/6,2OD,Diğer Özsermaye Kalemleri,Other Sholders Equity Items,-25123106.0
SNGYO,2021/6,2ODA,Azınlık Payları,Minority Interests,0.0
SNGYO,2021/6,2ODB,TOPLAM KAYNAKLAR,TOTAL LIABILITIES AND S.HOLDERS EQUITY,843221207.0
SNGYO,2021/6,3B,Sürdürülen Faaliyetler,Continuing Operations,0.0
SNGYO,2021/6,3C,Satış Gelirleri,Net Sales,81570530.0
SNGYO,2021/6,3CA,Satışların Maliyeti (-),Cost Of Sales,-63597336.0
SNGYO,2021/6,3CAA,Ticari Faaliyetlerden Diğer Kar (Zarar),Other Profit (Loss) from Trade Operations,0.0
SNGYO,2021/6,3CAB,Ticari Faaliyetlerden Brüt Kar (Zarar),Gross Profit (Loss) from Trade Operations,17973193.0
SNGYO,2021/6,3CAC,"Faiz, Ücret, Prim, Komisyon ve Diğer Gelirler","Proceeds from Interest, Fee, Premium, Commission and Other",0.0
SNGYO,2021/6,3CAD,"Faiz, Ücret, Prim, Komisyon ve Diğer Giderler (-)","Expenses from Interest, Fee, Premium, Commission and Other",0.0
SNGYO,2021/6,3CAE,Finans Sektörü Faaliyetlerinden Diğer Kar (Zarar),Other Profit (Loss) from Financial Operations,0.0
SNGYO,2021/6,3CAF,Finans Sektörü Faaliyetlerinden Brüt Kar (Zarar),Gross Profit (Loss) from Financial Operations,0.0
SNGYO,2021/6,3CB,Diğer Gelir ve Giderler,Other Income (Expenses),0.0
SNGYO,2021/6,3D,BRÜT KAR (ZARAR),GROSS PROFIT (LOSS),17973193.0
SNGYO,2021/6,3DA,"Pazarlama, Satış ve Dağıtım Giderleri (-)",Marketing Selling & Distrib. Expenses (-),-4384057.0
SNGYO,2021/6,3DB,Genel Yönetim Giderleri (-),General Administrative Expenses (-),-3857172.0
SNGYO,2021/6,3DC,Araştırma ve Geliştirme Giderleri (-),Research & Development Expenses (-),0.0
SNGYO,2021/6,3DD,Diğer Faaliyet Gelirleri,Income from Other Operations,36516836.0
SNGYO,2021/6,3DE,Diğer Faaliyet Giderleri (-),Expenses from Other Operations (-),-30454718.0
SNGYO,2021/6,3DEA,Faaliyet Karı Öncesi Diğer Gelir ve Giderler,Other Income (Expenses) Before Operating Profits,195137575.0
SNGYO,2021/6,3DF,FAALİYET KARI (ZARARI),OPERATING PROFITS,210931658.0
SNGYO,2021/6,3H,Net Faaliyet Kar/Zararı,Net Operating Profits,204869540.0
SNGYO,2021/6,3HA,Yatırım Faaliyetlerinden Gelirler,nan,0.0
SNGYO,2021/6,3HAA,Yatırım Faaliyetlerinden Giderler (-),nan,0.0
SNGYO,2021/6,3HAB,Diğer Gelir ve Giderler,nan,0.0
SNGYO,2021/6,3HAC,Özkaynak Yöntemiyle Değerlenen Yatırımların Kar/Zararlarındaki Paylar,Profit (Loss) from Subsidiaries,120345.0
SNGYO,2021/6,3HACA,Finansman Gideri Öncesi Faaliyet Karı/Zararı,nan,211052002.0
SNGYO,2021/6,3HB,(Esas Faaliyet Dışı) Finansal Gelirler,Financial Income (from Other Operations),11915.0
SNGYO,2021/6,3HC,(Esas Faaliyet Dışı) Finansal Giderler (-),Financial Expenses (from Other Operations) (-),-84605959.0
SNGYO,2021/6,3HCA,Vergi Öncesi Diğer Gelir ve Giderler,Other Income (Expenses) Before Tax,0.0
SNGYO,2021/6,3I,SÜRDÜRÜLEN FAALİYETLER VERGİ ÖNCESİ KARI (ZARARI),PROFIT BEFORE TAX FROM CONTINUING OPERATIONS,126457958.0
SNGYO,2021/6,3IA,Sürdürülen Faaliyetler Vergi Geliri (Gideri),Taxation on Continuing Operations,0.0
SNGYO,2021/6,3IB,Dönem Vergi Geliri (Gideri),Taxation on Income (Expenses),0.0
SNGYO,2021/6,3IC,Ertelenmiş Vergi Geliri (Gideri),Income (Expenses) of Deferred Tax,0.0
SNGYO,2021/6,3ID,Diğer Vergi Geliri (Gideri),Other Taxation Income (Expenses),0.0
SNGYO,2021/6,3J,SÜRDÜRÜLEN FAALİYETLER DÖNEM KARI/ZARARI,PROFIT FROM CONTINUING OPERATIONS,126457958.0
SNGYO,2021/6,3K,DURDURULAN FAALİYETLER,DISCONTINUED OPERATIONS,0.0
SNGYO,2021/6,3KA,Durdurulan Faaliyetler Vergi Sonrası Dönem Karı (Zararı),Profit After Taxes from Discontinued Operations,0.0
SNGYO,2021/6,3L,DÖNEM KARI (ZARARI),NET PROFIT AFTER TAXES,126457958.0
SNGYO,2021/6,3LA,Dönem Kar/Zararının Dağılımı,Distrubition of Profit (Loss),0.0
SNGYO,2021/6,3LB,Azınlık Payları,Minority Interests,0.0
SNGYO,2021/6,3Z,Ana Ortaklık Payları,Parent Shares,126457958.0
SNGYO,2021/6,3ZD,Hisse Başına Kazanç,Earnings per Share,0.0
SNGYO,2021/6,3ZE,Seyreltilmiş Hisse Başına Kazanç,Diluted Earnings per Share,0.0
SNGYO,2021/6,3ZF,Sürdürülen Faaliyetlerden Hisse Başına Kazanç,Earnings per Share from Continuing Operations,0.0
SNGYO,2021/6,3ZG,Sürdürülen Faaliyetlerden Seyreltilmiş Hisse Başına Kazanç,Earnings per Share from Discontinued Operations,0.0
SNGYO,2021/6,4B,Amortisman Giderleri,Depreciation & Amortization,501783.0
SNGYO,2021/6,4BA,Kıdem Tazminatı,Severance Payments,-33649.0
SNGYO,2021/6,4BB,Finansman Giderleri,Financial Expenses,-84605959.0
SNGYO,2021/6,4BC,Yurtiçi Satışlar,Domestic Sales,0.0
SNGYO,2021/6,4BD,Yurtdışı Satışlar,Export Sales,0.0
SNGYO,2021/6,4BE,Net Yabancı Para Pozisyonu,Net Fx Position,-17273230.0
SNGYO,2021/6,4BEA,Parasal net yabancı para varlık/(yükümlülük) pozisyonu,Parasal net yabancı para varlık/(yükümlülük) pozisyonu,-17273230.0
SNGYO,2021/6,4BEB,Net YPP (Hedge Dahil),Net YPP (Hedge Dahil),-17273230.0
SNGYO,2021/6,4C,İşletme Faaliyetlerinden Kaynaklanan Net Nakit,Net Cash from Operations,73533221.0
SNGYO,2021/6,4CA,Düzeltme Öncesi Kar,Earnings Before Adjustments,126457958.0
SNGYO,2021/6,4CAA,Düzeltmeler:,Adjustments:,-112339946.0
SNGYO,2021/6,4CAB,Amortisman & İtfa Payları,Depreciation & Amortisation,501783.0
SNGYO,2021/6,4CAC,Karşılıklardaki Değişim,Change in Provisions,-33649.0
SNGYO,2021/6,4CAD,Diğer Gelir/ Gider,Other Income / Expense,-112808080.0
SNGYO,2021/6,4CAE,İşletme Sermayesinde Değişikler Öncesi Faaliyet Karı (+),Operating Profit Before Changes in Working Capital (+),14118013.0
SNGYO,2021/6,4CAF,İşletme Sermayesindeki Değişiklikler,Change in Working Capital,59047667.0
SNGYO,2021/6,4CAG,Esas Faaliyet ile İlgili Oluşan Nakit (+),Cash from Core Operations (+),73165679.0
SNGYO,2021/6,4CAH,Diğer İşletme Faaliyetlerinden Nakit,Cash from Other Operations,367542.0
SNGYO,2021/6,4CAI,Sabit Sermaye Yatırımları,Capital Expenditures (CapEx),-88289.0
SNGYO,2021/6,4CAJ,Diğer Yatırım Faaliyetlerinden Nakit,Cash from Other Investment Operations,35266435.0
SNGYO,2021/6,4CAK,Yatırım Faaliyetlerinden Kaynaklanan Nakit,Cash from Investment Operations,35178146.0
SNGYO,2021/6,4CB,Serbest Nakit Akım,Free Cash Flow,108711367.0
SNGYO,2021/6,4CBA,Finansal Borçlardaki Değişim,Change in Financial Debt,-74905889.0
SNGYO,2021/6,4CBB,Temettü Ödemeleri,Dividends Paid,0.0
SNGYO,2021/6,4CBC,Sermaye Artırımı,Rights Issue,0.0
SNGYO,2021/6,4CBD,Diğer Finansman Faaliyetlerinden Nakit,Cash from Other Financial Operations,-5101854.0
SNGYO,2021/6,4CBE,Finansman Faaliyetlerden Kaynaklanan Nakit,Cash from Financial Operations,-80007743.0
SNGYO,2021/6,4CBF,Yab. Para Çev. Fark. Etk. Önc.Nak.Ve Nak. Benz. Net Artış/Azalış,Cash Net Inc. / Dec. before For.Cur. Trans. Dif.,28703624.0
SNGYO,2021/6,4CBG,Yab.ı Para Çevrim Fark. Nakit Ve Nakit Benz. Üzerindeki Etkisi,Foreign Curr. Trans.Diff.Cash and Cash Benz. Imp.,0.0
SNGYO,2021/6,4CBH,Diğer Nakit Girişi/Çıkışı,Other Cash Inflow/Outflow,0.0
SNGYO,2021/6,4CBI,Nakit ve Benzerlerindeki Değişim,Change in Cash & Cash Equivalents,28703624.0
SNGYO,2021/6,4CBJ,Diğer Nakit ve Nakit Benzerlerindeki Artış,Other Cash & Cash Equivalents Change,0.0
SNGYO,2021/6,4CBK,Dönem Başı Nakit Değerler,Cash at the beginning of the Quarter,8949879.0
SNGYO,2021/6,4CBL,Dönem Sonu Nakit,Cash at the End of the Quarter,37653504.0
SNGYO,2021/9,1A,Dönen Varlıklar,CURRENT ASSETS,339584495.0
SNGYO,2021/9,1AA,Nakit ve Nakit Benzerleri,Cash and Cash Equivalents,18826105.0
SNGYO,2021/9,1AB,Finansal Yatırımlar,Short-Term Financial Investments,41708921.0
SNGYO,2021/9,1AC,Ticari Alacaklar,Short-Term Trade Receivables,50712222.0
SNGYO,2021/9,1AD,Finans Sektörü Faaliyetlerinden Alacaklar,Short-Term Receivables from Financial Operations,0.0
SNGYO,2021/9,1AE,Diğer Alacaklar,Short-Term Other Receivables,1759138.0
SNGYO,2021/9,1AEA,Müşteri Sözleşmelerinden Doğan Varlıklar,nan,0.0
SNGYO,2021/9,1AF,Stoklar,Inventories,167912554.0
SNGYO,2021/9,1AG,Canlı Varlıklar,Short-Term Live Assets,0.0
SNGYO,2021/9,1AH,Diğer Dönen Varlıklar,Other Current Assets,58665555.0
SNGYO,2021/9,1AI,(Ara Toplam),(Subtotal),339584495.0
SNGYO,2021/9,1AJ,Satış Amacıyla Elde Tutulan Duran Varlıklar,Assets to be Sold,0.0
SNGYO,2021/9,1AK,Duran Varlıklar,LONG TERM ASSETS,440582935.0
SNGYO,2021/9,1B,Ticari Alacaklar,Trade Receivables,15640046.0
SNGYO,2021/9,1BA,Finans Sektörü Faaliyetlerinden Alacaklar,Long-Term Receivables from Financial Operations,0.0
SNGYO,2021/9,1BB,Diğer Alacaklar,Other Receivables,115003.0
SNGYO,2021/9,1BBA,Müşteri Sözleşmelerinden Doğan Varlıklar,nan,0.0
SNGYO,2021/9,1BC,Finansal Yatırımlar,Financial Investments,0.0
SNGYO,2021/9,1BD,Özkaynak Yöntemiyle Değerlenen Yatırımlar,Investments with Equity Method,1578530.0
SNGYO,2021/9,1BE,Canlı Varlıklar,Long-Term Live Assets,0.0
SNGYO,2021/9,1BF,Yatırım Amaçlı Gayrimenkuller,Real Estate Investments,182564827.0
SNGYO,2021/9,1BFA,Stoklar,Stoklar,59981251.0
SNGYO,2021/9,1BFAA,Kullanım Hakkı Varlıkları,nan,1506078.0
SNGYO,2021/9,1BG,Maddi Duran Varlıklar,Tangible Fixed Assets,1757432.0
SNGYO,2021/9,1BGA,Şerefiye,Goodwill,0.0
SNGYO,2021/9,1BH,Maddi Olmayan Duran Varlıklar,Intangible Fixed Assets,81487.0
SNGYO,2021/9,1BJ,Ertelenmiş Vergi Varlığı,Long Term Deffered Tax Assets,0.0
SNGYO,2021/9,1BK,Diğer Duran Varlıklar,Other Long-Term Assets,177358282.0
SNGYO,2021/9,1BL,TOPLAM VARLIKLAR,TOTAL ASSETS,780167430.0
SNGYO,2021/9,1BM,KAYNAKLAR,LIABILITIES,0.0
SNGYO,2021/9,2A,Kısa Vadeli Yükümlülükler,SHORT TERM LIABILITIES,118814973.0
SNGYO,2021/9,2AA,Finansal Borçlar,Short-Term Financial Loans,51301541.0
SNGYO,2021/9,2AAG,Diğer Finansal Yükümlülükler,Other Short-Term Financial Liabilities,0.0
SNGYO,2021/9,2AAGAA,Ticari Borçlar,Short-Term Trade Payables,34212835.0
SNGYO,2021/9,2AAGAB,Diğer Borçlar,Other Short-Term Loans,2377942.0
SNGYO,2021/9,2AAGAC,Müşteri Söz. Doğan Yük.,nan,0.0
SNGYO,2021/9,2AAGB,Finans Sektörü Faaliyetlerinden Borçlar,Short-Term Loans from Financial Operations,0.0
SNGYO,2021/9,2AAGC,Devlet Teşvik ve Yardımları,Short-Term Government Promotions and Aids,0.0
SNGYO,2021/9,2AAGCA,Ertelenmiş Gelirler (Müşteri Söz. Doğan Yük. Dış.Kal.),nan,28302121.0
SNGYO,2021/9,2AAGD,Dönem Karı Vergi Yükümlülüğü,Taxation Liabilities on Income (-),0.0
SNGYO,2021/9,2AAGE,Borç Karşılıkları,Short-Term Provisions,347514.0
SNGYO,2021/9,2AAGF,Diğer Kısa Vadeli Yükümlülükler,Other Short-Term Liabilities,2273020.0
SNGYO,2021/9,2AAGG,(Ara Toplam),(Subtotal),118814973.0
SNGYO,2021/9,2AAGH,Satış Amaçlı Elde Tutulan Duran Varlıklara İlişkin Yükümlülükler,Liabilities on Assets to be Sold,0.0
SNGYO,2021/9,2B,Uzun Vadeli Yükümlülükler,LONG TERM LIABILITIES,398763816.0
SNGYO,2021/9,2BA,Finansal Borçlar,Long-Term Financial Loans,313838759.0
SNGYO,2021/9,2BB,Diğer Finansal Yükümlülükler,Other Short-Term Financial Liabilities,0.0
SNGYO,2021/9,2BBA,Ticari Borçlar,Long-Term Trade Payables,0.0
SNGYO,2021/9,2BBB,Diğer Borçlar,Other Long-Term Loans,2843800.0
SNGYO,2021/9,2BBBA,Müşteri Söz.Doğan Yük.,nan,0.0
SNGYO,2021/9,2BC,Finans Sektörü Faaliyetlerinden Borçlar,Long-Term Loans from Financial Operations,0.0
SNGYO,2021/9,2BD,Devlet Teşvik ve Yardımları,Long-Term Government Promotions and Aids,0.0
SNGYO,2021/9,2BDA,Ertelenmiş Gelirler (Müşteri Söz.Doğan Yük. Dış.Kal.),nan,81556786.0
SNGYO,2021/9,2BE,Uzun vadeli karşılıklar,Long-Term Provisions,524471.0
SNGYO,2021/9,2BF,Çalışanlara Sağlanan Faydalara İliş.Karş.,Provisions for Retirment Pay,0.0
SNGYO,2021/9,2BG,Ertelenmiş Vergi Yükümlülüğü,Deferred Tax Liabilities,0.0
SNGYO,2021/9,2BH,Diğer Uzun Vadeli Yükümlülükler,Other Long-Term Liabilities,0.0
SNGYO,2021/9,2N,Özkaynaklar,SHAREHOLDERS EQUITY,262588641.0
SNGYO,2021/9,2O,Ana Ortaklığa Ait Özkaynaklar,Parent Shareholders Capital,262588641.0
SNGYO,2021/9,2OA,Ödenmiş Sermaye,Share Capital,98172290.0
SNGYO,2021/9,2OC,Karşılıklı İştirak Sermayesi Düzeltmesi (-),Adjustments to Share Capital,0.0
SNGYO,2021/9,2OCA,Hisse Senedi İhraç Primleri,Premium in Excess of Par,0.0
SNGYO,2021/9,2OCB,Değer Artış Fonları,Market Value Surpluses,0.0
SNGYO,2021/9,2OCC,Yabancı Para Çevrim Farkları,FX Translation Differences,0.0
SNGYO,2021/9,2OCD,Kardan Ayrılan Kısıtlanmış Yedekler,Income Reserves,12255602.0
SNGYO,2021/9,2OCE,Geçmiş Yıllar Kar/Zararları,Retained Earnings /(Acc. Losses),-12714590.0
SNGYO,2021/9,2OCF,Dönem Net Kar/Zararı,Current Year Income /(Losses),178172496.0
SNGYO,2021/9,2OD,Diğer Özsermaye Kalemleri,Other Sholders Equity Items,-13297158.0
SNGYO,2021/9,2ODA,Azınlık Payları,Minority Interests,0.0
SNGYO,2021/9,2ODB,TOPLAM KAYNAKLAR,TOTAL LIABILITIES AND S.HOLDERS EQUITY,780167430.0
SNGYO,2021/9,3B,Sürdürülen Faaliyetler,Continuing Operations,0.0
SNGYO,2021/9,3C,Satış Gelirleri,Net Sales,115229080.0
SNGYO,2021/9,3CA,Satışların Maliyeti (-),Cost Of Sales,-84142785.0
SNGYO,2021/9,3CAA,Ticari Faaliyetlerden Diğer Kar (Zarar),Other Profit (Loss) from Trade Operations,0.0
SNGYO,2021/9,3CAB,Ticari Faaliyetlerden Brüt Kar (Zarar),Gross Profit (Loss) from Trade Operations,31086295.0
SNGYO,2021/9,3CAC,"Faiz, Ücret, Prim, Komisyon ve Diğer Gelirler","Proceeds from Interest, Fee, Premium, Commission and Other",0.0
SNGYO,2021/9,3CAD,"Faiz, Ücret, Prim, Komisyon ve Diğer Giderler (-)","Expenses from Interest, Fee, Premium, Commission and Other",0.0
SNGYO,2021/9,3CAE,Finans Sektörü Faaliyetlerinden Diğer Kar (Zarar),Other Profit (Loss) from Financial Operations,0.0
SNGYO,2021/9,3CAF,Finans Sektörü Faaliyetlerinden Brüt Kar (Zarar),Gross Profit (Loss) from Financial Operations,0.0
SNGYO,2021/9,3CB,Diğer Gelir ve Giderler,Other Income (Expenses),0.0
SNGYO,2021/9,3D,BRÜT KAR (ZARAR),GROSS PROFIT (LOSS),31086295.0
SNGYO,2021/9,3DA,"Pazarlama, Satış ve Dağıtım Giderleri (-)",Marketing Selling & Distrib. Expenses (-),-6319007.0
SNGYO,2021/9,3DB,Genel Yönetim Giderleri (-),General Administrative Expenses (-),-8498207.0
SNGYO,2021/9,3DC,Araştırma ve Geliştirme Giderleri (-),Research & Development Expenses (-),0.0
SNGYO,2021/9,3DD,Diğer Faaliyet Gelirleri,Income from Other Operations,120172690.0
SNGYO,2021/9,3DE,Diğer Faaliyet Giderleri (-),Expenses from Other Operations (-),-41324540.0
SNGYO,2021/9,3DEA,Faaliyet Karı Öncesi Diğer Gelir ve Giderler,Other Income (Expenses) Before Operating Profits,189981301.0
SNGYO,2021/9,3DF,FAALİYET KARI (ZARARI),OPERATING PROFITS,285098531.0
SNGYO,2021/9,3H,Net Faaliyet Kar/Zararı,Net Operating Profits,206250381.0
SNGYO,2021/9,3HA,Yatırım Faaliyetlerinden Gelirler,nan,0.0
SNGYO,2021/9,3HAA,Yatırım Faaliyetlerinden Giderler (-),nan,0.0
SNGYO,2021/9,3HAB,Diğer Gelir ve Giderler,nan,0.0
SNGYO,2021/9,3HAC,Özkaynak Yöntemiyle Değerlenen Yatırımların Kar/Zararlarındaki Paylar,Profit (Loss) from Subsidiaries,-8166.0
SNGYO,2021/9,3HACA,Finansman Gideri Öncesi Faaliyet Karı/Zararı,nan,285090365.0
SNGYO,2021/9,3HB,(Esas Faaliyet Dışı) Finansal Gelirler,Financial Income (from Other Operations),91756.0
SNGYO,2021/9,3HC,(Esas Faaliyet Dışı) Finansal Giderler (-),Financial Expenses (from Other Operations) (-),-89629143.0
SNGYO,2021/9,3HCA,Vergi Öncesi Diğer Gelir ve Giderler,Other Income (Expenses) Before Tax,0.0
SNGYO,2021/9,3I,SÜRDÜRÜLEN FAALİYETLER VERGİ ÖNCESİ KARI (ZARARI),PROFIT BEFORE TAX FROM CONTINUING OPERATIONS,195552977.0
SNGYO,2021/9,3IA,Sürdürülen Faaliyetler Vergi Geliri (Gideri),Taxation on Continuing Operations,0.0
SNGYO,2021/9,3IB,Dönem Vergi Geliri (Gideri),Taxation on Income (Expenses),0.0
SNGYO,2021/9,3IC,Ertelenmiş Vergi Geliri (Gideri),Income (Expenses) of Deferred Tax,0.0
SNGYO,2021/9,3ID,Diğer Vergi Geliri (Gideri),Other Taxation Income (Expenses),0.0
SNGYO,2021/9,3J,SÜRDÜRÜLEN FAALİYETLER DÖNEM KARI/ZARARI,PROFIT FROM CONTINUING OPERATIONS,195552977.0
SNGYO,2021/9,3K,DURDURULAN FAALİYETLER,DISCONTINUED OPERATIONS,0.0
SNGYO,2021/9,3KA,Durdurulan Faaliyetler Vergi Sonrası Dönem Karı (Zararı),Profit After Taxes from Discontinued Operations,0.0
SNGYO,2021/9,3L,DÖNEM KARI (ZARARI),NET PROFIT AFTER TAXES,195552977.0
SNGYO,2021/9,3LA,Dönem Kar/Zararının Dağılımı,Distrubition of Profit (Loss),0.0
SNGYO,2021/9,3LB,Azınlık Payları,Minority Interests,0.0
SNGYO,2021/9,3Z,Ana Ortaklık Payları,Parent Shares,195552977.0
SNGYO,2021/9,3ZD,Hisse Başına Kazanç,Earnings per Share,0.0
SNGYO,2021/9,3ZE,Seyreltilmiş Hisse Başına Kazanç,Diluted Earnings per Share,0.0
SNGYO,2021/9,3ZF,Sürdürülen Faaliyetlerden Hisse Başına Kazanç,Earnings per Share from Continuing Operations,0.0
SNGYO,2021/9,3ZG,Sürdürülen Faaliyetlerden Seyreltilmiş Hisse Başına Kazanç,Earnings per Share from Discontinued Operations,0.0
SNGYO,2021/9,4B,Amortisman Giderleri,Depreciation & Amortization,761270.0
SNGYO,2021/9,4BA,Kıdem Tazminatı,Severance Payments,-190670.0
SNGYO,2021/9,4BB,Finansman Giderleri,Financial Expenses,-89629143.0
SNGYO,2021/9,4BC,Yurtiçi Satışlar,Domestic Sales,0.0
SNGYO,2021/9,4BD,Yurtdışı Satışlar,Export Sales,0.0
SNGYO,2021/9,4BE,Net Yabancı Para Pozisyonu,Net Fx Position,-296914332.0
SNGYO,2021/9,4BEA,Parasal net yabancı para varlık/(yükümlülük) pozisyonu,Parasal net yabancı para varlık/(yükümlülük) pozisyonu,-296914332.0
SNGYO,2021/9,4BEB,Net YPP (Hedge Dahil),Net YPP (Hedge Dahil),-296914332.0
SNGYO,2021/9,4C,İşletme Faaliyetlerinden Kaynaklanan Net Nakit,Net Cash from Operations,89748274.0
SNGYO,2021/9,4CA,Düzeltme Öncesi Kar,Earnings Before Adjustments,195552977.0
SNGYO,2021/9,4CAA,Düzeltmeler:,Adjustments:,-126744040.0
SNGYO,2021/9,4CAB,Amortisman & İtfa Payları,Depreciation & Amortisation,761270.0
SNGYO,2021/9,4CAC,Karşılıklardaki Değişim,Change in Provisions,-190670.0
SNGYO,2021/9,4CAD,Diğer Gelir/ Gider,Other Income / Expense,-127314640.0
SNGYO,2021/9,4CAE,İşletme Sermayesinde Değişikler Öncesi Faaliyet Karı (+),Operating Profit Before Changes in Working Capital (+),68808937.0
SNGYO,2021/9,4CAF,İşletme Sermayesindeki Değişiklikler,Change in Working Capital,20550529.0
SNGYO,2021/9,4CAG,Esas Faaliyet ile İlgili Oluşan Nakit (+),Cash from Core Operations (+),89359466.0
SNGYO,2021/9,4CAH,Diğer İşletme Faaliyetlerinden Nakit,Cash from Other Operations,388807.0
SNGYO,2021/9,4CAI,Sabit Sermaye Yatırımları,Capital Expenditures (CapEx),-95019.0
SNGYO,2021/9,4CAJ,Diğer Yatırım Faaliyetlerinden Nakit,Cash from Other Investment Operations,103239912.0
SNGYO,2021/9,4CAK,Yatırım Faaliyetlerinden Kaynaklanan Nakit,Cash from Investment Operations,103144893.0
SNGYO,2021/9,4CB,Serbest Nakit Akım,Free Cash Flow,192893167.0
SNGYO,2021/9,4CBA,Finansal Borçlardaki Değişim,Change in Financial Debt,-181271412.0
SNGYO,2021/9,4CBB,Temettü Ödemeleri,Dividends Paid,0.0
SNGYO,2021/9,4CBC,Sermaye Artırımı,Rights Issue,0.0
SNGYO,2021/9,4CBD,Diğer Finansman Faaliyetlerinden Nakit,Cash from Other Financial Operations,327421.0
SNGYO,2021/9,4CBE,Finansman Faaliyetlerden Kaynaklanan Nakit,Cash from Financial Operations,-180943991.0
SNGYO,2021/9,4CBF,Yab. Para Çev. Fark. Etk. Önc.Nak.Ve Nak. Benz. Net Artış/Azalış,Cash Net Inc. / Dec. before For.Cur. Trans. Dif.,11949176.0
SNGYO,2021/9,4CBG,Yab.ı Para Çevrim Fark. Nakit Ve Nakit Benz. Üzerindeki Etkisi,Foreign Curr. Trans.Diff.Cash and Cash Benz. Imp.,0.0
SNGYO,2021/9,4CBH,Diğer Nakit Girişi/Çıkışı,Other Cash Inflow/Outflow,0.0
SNGYO,2021/9,4CBI,Nakit ve Benzerlerindeki Değişim,Change in Cash & Cash Equivalents,11949176.0
SNGYO,2021/9,4CBJ,Diğer Nakit ve Nakit Benzerlerindeki Artış,Other Cash & Cash Equivalents Change,0.0
SNGYO,2021/9,4CBK,Dönem Başı Nakit Değerler,Cash at the beginning of the Quarter,8713390.0
SNGYO,2021/9,4CBL,Dönem Sonu Nakit,Cash at the End of the Quarter,20662565.0
SNGYO,2022/12,1A,Dönen Varlıklar,CURRENT ASSETS,309492586.0
SNGYO,2022/12,1AA,Nakit ve Nakit Benzerleri,Cash and Cash Equivalents,2315768.0
SNGYO,2022/12,1AB,Finansal Yatırımlar,Short-Term Financial Investments,0.0
SNGYO,2022/12,1AC,Ticari Alacaklar,Short-Term Trade Receivables,21004832.0
SNGYO,2022/12,1AD,Finans Sektörü Faaliyetlerinden Alacaklar,Short-Term Receivables from Financial Operations,0.0
SNGYO,2022/12,1AE,Diğer Alacaklar,Short-Term Other Receivables,754348.0
SNGYO,2022/12,1AEA,Müşteri Sözleşmelerinden Doğan Varlıklar,nan,0.0
SNGYO,2022/12,1AF,Stoklar,Inventories,255234511.0
SNGYO,2022/12,1AG,Canlı Varlıklar,Short-Term Live Assets,0.0
SNGYO,2022/12,1AH,Diğer Dönen Varlıklar,Other Current Assets,30183127.0
SNGYO,2022/12,1AI,(Ara Toplam),(Subtotal),309492586.0
SNGYO,2022/12,1AJ,Satış Amacıyla Elde Tutulan Duran Varlıklar,Assets to be Sold,0.0
SNGYO,2022/12,1AK,Duran Varlıklar,LONG TERM ASSETS,1308802708.0
SNGYO,2022/12,1B,Ticari Alacaklar,Trade Receivables,10910870.0
SNGYO,2022/12,1BA,Finans Sektörü Faaliyetlerinden Alacaklar,Long-Term Receivables from Financial Operations,0.0
SNGYO,2022/12,1BB,Diğer Alacaklar,Other Receivables,115826.0
SNGYO,2022/12,1BBA,Müşteri Sözleşmelerinden Doğan Varlıklar,nan,0.0
SNGYO,2022/12,1BC,Finansal Yatırımlar,Financial Investments,0.0
SNGYO,2022/12,1BD,Özkaynak Yöntemiyle Değerlenen Yatırımlar,Investments with Equity Method,1730235.0
SNGYO,2022/12,1BE,Canlı Varlıklar,Long-Term Live Assets,0.0
SNGYO,2022/12,1BF,Yatırım Amaçlı Gayrimenkuller,Real Estate Investments,781328776.0
SNGYO,2022/12,1BFA,Stoklar,Stoklar,213447499.0
SNGYO,2022/12,1BFAA,Kullanım Hakkı Varlıkları,nan,1683508.0
SNGYO,2022/12,1BG,Maddi Duran Varlıklar,Tangible Fixed Assets,2187796.0
SNGYO,2022/12,1BGA,Şerefiye,Goodwill,0.0
SNGYO,2022/12,1BH,Maddi Olmayan Duran Varlıklar,Intangible Fixed Assets,242351.0
SNGYO,2022/12,1BJ,Ertelenmiş Vergi Varlığı,Long Term Deffered Tax Assets,0.0
SNGYO,2022/12,1BK,Diğer Duran Varlıklar,Other Long-Term Assets,297155848.0
SNGYO,2022/12,1BL,TOPLAM VARLIKLAR,TOTAL ASSETS,1618295295.0
SNGYO,2022/12,1BM,KAYNAKLAR,LIABILITIES,0.0
SNGYO,2022/12,2A,Kısa Vadeli Yükümlülükler,SHORT TERM LIABILITIES,127264739.0
SNGYO,2022/12,2AA,Finansal Borçlar,Short-Term Financial Loans,81106353.0
SNGYO,2022/12,2AAG,Diğer Finansal Yükümlülükler,Other Short-Term Financial Liabilities,0.0
SNGYO,2022/12,2AAGAA,Ticari Borçlar,Short-Term Trade Payables,8865728.0
SNGYO,2022/12,2AAGAB,Diğer Borçlar,Other Short-Term Loans,1159421.0
SNGYO,2022/12,2AAGAC,Müşteri Söz. Doğan Yük.,nan,0.0
SNGYO,2022/12,2AAGB,Finans Sektörü Faaliyetlerinden Borçlar,Short-Term Loans from Financial Operations,0.0
SNGYO,2022/12,2AAGC,Devlet Teşvik ve Yardımları,Short-Term Government Promotions and Aids,0.0
SNGYO,2022/12,2AAGCA,Ertelenmiş Gelirler (Müşteri Söz. Doğan Yük. Dış.Kal.),nan,34823912.0
SNGYO,2022/12,2AAGD,Dönem Karı Vergi Yükümlülüğü,Taxation Liabilities on Income (-),0.0
SNGYO,2022/12,2AAGE,Borç Karşılıkları,Short-Term Provisions,505665.0
SNGYO,2022/12,2AAGF,Diğer Kısa Vadeli Yükümlülükler,Other Short-Term Liabilities,803661.0
SNGYO,2022/12,2AAGG,(Ara Toplam),(Subtotal),127264739.0
SNGYO,2022/12,2AAGH,Satış Amaçlı Elde Tutulan Duran Varlıklara İlişkin Yükümlülükler,Liabilities on Assets to be Sold,0.0
SNGYO,2022/12,2B,Uzun Vadeli Yükümlülükler,LONG TERM LIABILITIES,388624557.0
SNGYO,2022/12,2BA,Finansal Borçlar,Long-Term Financial Loans,324358154.0
SNGYO,2022/12,2BB,Diğer Finansal Yükümlülükler,Other Short-Term Financial Liabilities,0.0
SNGYO,2022/12,2BBA,Ticari Borçlar,Long-Term Trade Payables,0.0
SNGYO,2022/12,2BBB,Diğer Borçlar,Other Long-Term Loans,2574263.0
SNGYO,2022/12,2BBBA,Müşteri Söz.Doğan Yük.,nan,0.0
SNGYO,2022/12,2BC,Finans Sektörü Faaliyetlerinden Borçlar,Long-Term Loans from Financial Operations,0.0
SNGYO,2022/12,2BD,Devlet Teşvik ve Yardımları,Long-Term Government Promotions and Aids,0.0
SNGYO,2022/12,2BDA,Ertelenmiş Gelirler (Müşteri Söz.Doğan Yük. Dış.Kal.),nan,60583039.0
SNGYO,2022/12,2BE,Uzun vadeli karşılıklar,Long-Term Provisions,1109102.0
SNGYO,2022/12,2BF,Çalışanlara Sağlanan Faydalara İliş.Karş.,Provisions for Retirment Pay,0.0
SNGYO,2022/12,2BG,Ertelenmiş Vergi Yükümlülüğü,Deferred Tax Liabilities,0.0
SNGYO,2022/12,2BH,Diğer Uzun Vadeli Yükümlülükler,Other Long-Term Liabilities,0.0
SNGYO,2022/12,2N,Özkaynaklar,SHAREHOLDERS EQUITY,1102405998.0
SNGYO,2022/12,2O,Ana Ortaklığa Ait Özkaynaklar,Parent Shareholders Capital,1102405998.0
SNGYO,2022/12,2OA,Ödenmiş Sermaye,Share Capital,80076874.0
SNGYO,2022/12,2OC,Karşılıklı İştirak Sermayesi Düzeltmesi (-),Adjustments to Share Capital,0.0
SNGYO,2022/12,2OCA,Hisse Senedi İhraç Primleri,Premium in Excess of Par,90717687.0
SNGYO,2022/12,2OCB,Değer Artış Fonları,Market Value Surpluses,0.0
SNGYO,2022/12,2OCC,Yabancı Para Çevrim Farkları,FX Translation Differences,0.0
SNGYO,2022/12,2OCD,Kardan Ayrılan Kısıtlanmış Yedekler,Income Reserves,46754043.0
SNGYO,2022/12,2OCE,Geçmiş Yıllar Kar/Zararları,Retained Earnings /(Acc. Losses),266102043.0
SNGYO,2022/12,2OCF,Dönem Net Kar/Zararı,Current Year Income /(Losses),188244550.0
SNGYO,2022/12,2OD,Diğer Özsermaye Kalemleri,Other Sholders Equity Items,430510801.0
SNGYO,2022/12,2ODA,Azınlık Payları,Minority Interests,0.0
SNGYO,2022/12,2ODB,TOPLAM KAYNAKLAR,TOTAL LIABILITIES AND S.HOLDERS EQUITY,1618295295.0
SNGYO,2022/12,3B,Sürdürülen Faaliyetler,Continuing Operations,0.0
SNGYO,2022/12,3C,Satış Gelirleri,Net Sales,141545026.0
SNGYO,2022/12,3CA,Satışların Maliyeti (-),Cost Of Sales,-108510866.0
SNGYO,2022/12,3CAA,Ticari Faaliyetlerden Diğer Kar (Zarar),Other Profit (Loss) from Trade Operations,0.0
SNGYO,2022/12,3CAB,Ticari Faaliyetlerden Brüt Kar (Zarar),Gross Profit (Loss) from Trade Operations,33034160.0
SNGYO,2022/12,3CAC,"Faiz, Ücret, Prim, Komisyon ve Diğer Gelirler","Proceeds from Interest, Fee, Premium, Commission and Other",0.0
SNGYO,2022/12,3CAD,"Faiz, Ücret, Prim, Komisyon ve Diğer Giderler (-)","Expenses from Interest, Fee, Premium, Commission and Other",0.0
SNGYO,2022/12,3CAE,Finans Sektörü Faaliyetlerinden Diğer Kar (Zarar),Other Profit (Loss) from Financial Operations,0.0
SNGYO,2022/12,3CAF,Finans Sektörü Faaliyetlerinden Brüt Kar (Zarar),Gross Profit (Loss) from Financial Operations,0.0
SNGYO,2022/12,3CB,Diğer Gelir ve Giderler,Other Income (Expenses),0.0
SNGYO,2022/12,3D,BRÜT KAR (ZARAR),GROSS PROFIT (LOSS),33034160.0
SNGYO,2022/12,3DA,"Pazarlama, Satış ve Dağıtım Giderleri (-)",Marketing Selling & Distrib. Expenses (-),-10694418.0
SNGYO,2022/12,3DB,Genel Yönetim Giderleri (-),General Administrative Expenses (-),-10441503.0
SNGYO,2022/12,3DC,Araştırma ve Geliştirme Giderleri (-),Research & Development Expenses (-),0.0
SNGYO,2022/12,3DD,Diğer Faaliyet Gelirleri,Income from Other Operations,46746578.0
SNGYO,2022/12,3DE,Diğer Faaliyet Giderleri (-),Expenses from Other Operations (-),-76672698.0
SNGYO,2022/12,3DEA,Faaliyet Karı Öncesi Diğer Gelir ve Giderler,Other Income (Expenses) Before Operating Profits,208858689.0
SNGYO,2022/12,3DF,FAALİYET KARI (ZARARI),OPERATING PROFITS,190830808.0
SNGYO,2022/12,3H,Net Faaliyet Kar/Zararı,Net Operating Profits,220756928.0
SNGYO,2022/12,3HA,Yatırım Faaliyetlerinden Gelirler,nan,0.0
SNGYO,2022/12,3HAA,Yatırım Faaliyetlerinden Giderler (-),nan,-17568565.0
SNGYO,2022/12,3HAB,Diğer Gelir ve Giderler,nan,0.0
SNGYO,2022/12,3HAC,Özkaynak Yöntemiyle Değerlenen Yatırımların Kar/Zararlarındaki Paylar,Profit (Loss) from Subsidiaries,-26804.0
SNGYO,2022/12,3HACA,Finansman Gideri Öncesi Faaliyet Karı/Zararı,nan,173235439.0
SNGYO,2022/12,3HB,(Esas Faaliyet Dışı) Finansal Gelirler,Financial Income (from Other Operations),1607377.0
SNGYO,2022/12,3HC,(Esas Faaliyet Dışı) Finansal Giderler (-),Financial Expenses (from Other Operations) (-),37386774.0
SNGYO,2022/12,3HCA,Vergi Öncesi Diğer Gelir ve Giderler,Other Income (Expenses) Before Tax,-17568565.0
SNGYO,2022/12,3I,SÜRDÜRÜLEN FAALİYETLER VERGİ ÖNCESİ KARI (ZARARI),PROFIT BEFORE TAX FROM CONTINUING OPERATIONS,212229590.0
SNGYO,2022/12,3IA,Sürdürülen Faaliyetler Vergi Geliri (Gideri),Taxation on Continuing Operations,0.0
SNGYO,2022/12,3IB,Dönem Vergi Geliri (Gideri),Taxation on Income (Expenses),0.0
SNGYO,2022/12,3IC,Ertelenmiş Vergi Geliri (Gideri),Income (Expenses) of Deferred Tax,0.0
SNGYO,2022/12,3ID,Diğer Vergi Geliri (Gideri),Other Taxation Income (Expenses),0.0
SNGYO,2022/12,3J,SÜRDÜRÜLEN FAALİYETLER DÖNEM KARI/ZARARI,PROFIT FROM CONTINUING OPERATIONS,212229590.0
SNGYO,2022/12,3K,DURDURULAN FAALİYETLER,DISCONTINUED OPERATIONS,0.0
SNGYO,2022/12,3KA,Durdurulan Faaliyetler Vergi Sonrası Dönem Karı (Zararı),Profit After Taxes from Discontinued Operations,0.0
SNGYO,2022/12,3L,DÖNEM KARI (ZARARI),NET PROFIT AFTER TAXES,212229590.0
SNGYO,2022/12,3LA,Dönem Kar/Zararının Dağılımı,Distrubition of Profit (Loss),0.0
SNGYO,2022/12,3LB,Azınlık Payları,Minority Interests,0.0
SNGYO,2022/12,3Z,Ana Ortaklık Payları,Parent Shares,212229590.0
SNGYO,2022/12,3ZD,Hisse Başına Kazanç,Earnings per Share,0.0
SNGYO,2022/12,3ZE,Seyreltilmiş Hisse Başına Kazanç,Diluted Earnings per Share,0.0
SNGYO,2022/12,3ZF,Sürdürülen Faaliyetlerden Hisse Başına Kazanç,Earnings per Share from Continuing Operations,0.0
SNGYO,2022/12,3ZG,Sürdürülen Faaliyetlerden Seyreltilmiş Hisse Başına Kazanç,Earnings per Share from Discontinued Operations,0.0
SNGYO,2022/12,4B,Amortisman Giderleri,Depreciation & Amortization,1291112.0
SNGYO,2022/12,4BA,Kıdem Tazminatı,Severance Payments,123240.0
SNGYO,2022/12,4BB,Finansman Giderleri,Financial Expenses,37386774.0
SNGYO,2022/12,4BC,Yurtiçi Satışlar,Domestic Sales,0.0
SNGYO,2022/12,4BD,Yurtdışı Satışlar,Export Sales,0.0
SNGYO,2022/12,4BE,Net Yabancı Para Pozisyonu,Net Fx Position,323513064.0
SNGYO,2022/12,4BEA,Parasal net yabancı para varlık/(yükümlülük) pozisyonu,Parasal net yabancı para varlık/(yükümlülük) pozisyonu,-323513064.0
SNGYO,2022/12,4BEB,Net YPP (Hedge Dahil),Net YPP (Hedge Dahil),323513064.0
SNGYO,2022/12,4C,İşletme Faaliyetlerinden Kaynaklanan Net Nakit,Net Cash from Operations,113623960.0
SNGYO,2022/12,4CA,Düzeltme Öncesi Kar,Earnings Before Adjustments,212229590.0
SNGYO,2022/12,4CAA,Düzeltmeler:,Adjustments:,-188962577.0
SNGYO,2022/12,4CAB,Amortisman & İtfa Payları,Depreciation & Amortisation,1291112.0
SNGYO,2022/12,4CAC,Karşılıklardaki Değişim,Change in Provisions,163540.0
SNGYO,2022/12,4CAD,Diğer Gelir/ Gider,Other Income / Expense,-190417229.0
SNGYO,2022/12,4CAE,İşletme Sermayesinde Değişikler Öncesi Faaliyet Karı (+),Operating Profit Before Changes in Working Capital (+),23267013.0
SNGYO,2022/12,4CAF,İşletme Sermayesindeki Değişiklikler,Change in Working Capital,90432433.0
SNGYO,2022/12,4CAG,Esas Faaliyet ile İlgili Oluşan Nakit (+),Cash from Core Operations (+),113699446.0
SNGYO,2022/12,4CAH,Diğer İşletme Faaliyetlerinden Nakit,Cash from Other Operations,-75486.0
SNGYO,2022/12,4CAI,Sabit Sermaye Yatırımları,Capital Expenditures (CapEx),-105338.0
SNGYO,2022/12,4CAJ,Diğer Yatırım Faaliyetlerinden Nakit,Cash from Other Investment Operations,103690943.0
SNGYO,2022/12,4CAK,Yatırım Faaliyetlerinden Kaynaklanan Nakit,Cash from Investment Operations,103585606.0
SNGYO,2022/12,4CB,Serbest Nakit Akım,Free Cash Flow,217209565.0
SNGYO,2022/12,4CBA,Finansal Borçlardaki Değişim,Change in Financial Debt,-140379579.0
SNGYO,2022/12,4CBB,Temettü Ödemeleri,Dividends Paid,0.0
SNGYO,2022/12,4CBC,Sermaye Artırımı,Rights Issue,0.0
SNGYO,2022/12,4CBD,Diğer Finansman Faaliyetlerinden Nakit,Cash from Other Financial Operations,-68649779.0
SNGYO,2022/12,4CBE,Finansman Faaliyetlerden Kaynaklanan Nakit,Cash from Financial Operations,-209029358.0
SNGYO,2022/12,4CBF,Yab. Para Çev. Fark. Etk. Önc.Nak.Ve Nak. Benz. Net Artış/Azalış,Cash Net Inc. / Dec. before For.Cur. Trans. Dif.,8180208.0
SNGYO,2022/12,4CBG,Yab.ı Para Çevrim Fark. Nakit Ve Nakit Benz. Üzerindeki Etkisi,Foreign Curr. Trans.Diff.Cash and Cash Benz. Imp.,-35243423.0
SNGYO,2022/12,4CBH,Diğer Nakit Girişi/Çıkışı,Other Cash Inflow/Outflow,0.0
SNGYO,2022/12,4CBI,Nakit ve Benzerlerindeki Değişim,Change in Cash & Cash Equivalents,-27063215.0
SNGYO,2022/12,4CBJ,Diğer Nakit ve Nakit Benzerlerindeki Artış,Other Cash & Cash Equivalents Change,0.0
SNGYO,2022/12,4CBK,Dönem Başı Nakit Değerler,Cash at the beginning of the Quarter,29674046.0
SNGYO,2022/12,4CBL,Dönem Sonu Nakit,Cash at the End of the Quarter,2610830.0
SNGYO,2022/3,1A,Dönen Varlıklar,CURRENT ASSETS,245952127.0
SNGYO,2022/3,1AA,Nakit ve Nakit Benzerleri,Cash and Cash Equivalents,9683434.0
SNGYO,2022/3,1AB,Finansal Yatırımlar,Short-Term Financial Investments,67272181.0
SNGYO,2022/3,1AC,Ticari Alacaklar,Short-Term Trade Receivables,22997148.0
SNGYO,2022/3,1AD,Finans Sektörü Faaliyetlerinden Alacaklar,Short-Term Receivables from Financial Operations,0.0
SNGYO,2022/3,1AE,Diğer Alacaklar,Short-Term Other Receivables,536831.0
SNGYO,2022/3,1AEA,Müşteri Sözleşmelerinden Doğan Varlıklar,nan,0.0
SNGYO,2022/3,1AF,Stoklar,Inventories,90905649.0
SNGYO,2022/3,1AG,Canlı Varlıklar,Short-Term Live Assets,0.0
SNGYO,2022/3,1AH,Diğer Dönen Varlıklar,Other Current Assets,54556884.0
SNGYO,2022/3,1AI,(Ara Toplam),(Subtotal),245952127.0
SNGYO,2022/3,1AJ,Satış Amacıyla Elde Tutulan Duran Varlıklar,Assets to be Sold,0.0
SNGYO,2022/3,1AK,Duran Varlıklar,LONG TERM ASSETS,471623733.0
SNGYO,2022/3,1B,Ticari Alacaklar,Trade Receivables,8679302.0
SNGYO,2022/3,1BA,Finans Sektörü Faaliyetlerinden Alacaklar,Long-Term Receivables from Financial Operations,0.0
SNGYO,2022/3,1BB,Diğer Alacaklar,Other Receivables,68844.0
SNGYO,2022/3,1BBA,Müşteri Sözleşmelerinden Doğan Varlıklar,nan,0.0
SNGYO,2022/3,1BC,Finansal Yatırımlar,Financial Investments,0.0
SNGYO,2022/3,1BD,Özkaynak Yöntemiyle Değerlenen Yatırımlar,Investments with Equity Method,1048773.0
SNGYO,2022/3,1BE,Canlı Varlıklar,Long-Term Live Assets,0.0
SNGYO,2022/3,1BF,Yatırım Amaçlı Gayrimenkuller,Real Estate Investments,322753552.0
SNGYO,2022/3,1BFA,Stoklar,Stoklar,30516798.0
SNGYO,2022/3,1BFAA,Kullanım Hakkı Varlıkları,nan,694146.0
SNGYO,2022/3,1BG,Maddi Duran Varlıklar,Tangible Fixed Assets,931878.0
SNGYO,2022/3,1BGA,Şerefiye,Goodwill,0.0
SNGYO,2022/3,1BH,Maddi Olmayan Duran Varlıklar,Intangible Fixed Assets,56960.0
SNGYO,2022/3,1BJ,Ertelenmiş Vergi Varlığı,Long Term Deffered Tax Assets,0.0
SNGYO,2022/3,1BK,Diğer Duran Varlıklar,Other Long-Term Assets,106873480.0
SNGYO,2022/3,1BL,TOPLAM VARLIKLAR,TOTAL ASSETS,717575861.0
SNGYO,2022/3,1BM,KAYNAKLAR,LIABILITIES,0.0
SNGYO,2022/3,2A,Kısa Vadeli Yükümlülükler,SHORT TERM LIABILITIES,78867391.0
SNGYO,2022/3,2AA,Finansal Borçlar,Short-Term Financial Loans,54754612.0
SNGYO,2022/3,2AAG,Diğer Finansal Yükümlülükler,Other Short-Term Financial Liabilities,0.0
SNGYO,2022/3,2AAGAA,Ticari Borçlar,Short-Term Trade Payables,6735017.0
SNGYO,2022/3,2AAGAB,Diğer Borçlar,Other Short-Term Loans,896222.0
SNGYO,2022/3,2AAGAC,Müşteri Söz. Doğan Yük.,nan,0.0
SNGYO,2022/3,2AAGB,Finans Sektörü Faaliyetlerinden Borçlar,Short-Term Loans from Financial Operations,0.0
SNGYO,2022/3,2AAGC,Devlet Teşvik ve Yardımları,Short-Term Government Promotions and Aids,0.0
SNGYO,2022/3,2AAGCA,Ertelenmiş Gelirler (Müşteri Söz. Doğan Yük. Dış.Kal.),nan,15330913.0
SNGYO,2022/3,2AAGD,Dönem Karı Vergi Yükümlülüğü,Taxation Liabilities on Income (-),0.0
SNGYO,2022/3,2AAGE,Borç Karşılıkları,Short-Term Provisions,259054.0
SNGYO,2022/3,2AAGF,Diğer Kısa Vadeli Yükümlülükler,Other Short-Term Liabilities,891573.0
SNGYO,2022/3,2AAGG,(Ara Toplam),(Subtotal),78867391.0
SNGYO,2022/3,2AAGH,Satış Amaçlı Elde Tutulan Duran Varlıklara İlişkin Yükümlülükler,Liabilities on Assets to be Sold,0.0
SNGYO,2022/3,2B,Uzun Vadeli Yükümlülükler,LONG TERM LIABILITIES,334466801.0
SNGYO,2022/3,2BA,Finansal Borçlar,Long-Term Financial Loans,270783254.0
SNGYO,2022/3,2BB,Diğer Finansal Yükümlülükler,Other Short-Term Financial Liabilities,0.0
SNGYO,2022/3,2BBA,Ticari Borçlar,Long-Term Trade Payables,0.0
SNGYO,2022/3,2BBB,Diğer Borçlar,Other Long-Term Loans,2096489.0
SNGYO,2022/3,2BBBA,Müşteri Söz.Doğan Yük.,nan,0.0
SNGYO,2022/3,2BC,Finans Sektörü Faaliyetlerinden Borçlar,Long-Term Loans from Financial Operations,0.0
SNGYO,2022/3,2BD,Devlet Teşvik ve Yardımları,Long-Term Government Promotions and Aids,0.0
SNGYO,2022/3,2BDA,Ertelenmiş Gelirler (Müşteri Söz.Doğan Yük. Dış.Kal.),nan,61136164.0
SNGYO,2022/3,2BE,Uzun vadeli karşılıklar,Long-Term Provisions,450894.0
SNGYO,2022/3,2BF,Çalışanlara Sağlanan Faydalara İliş.Karş.,Provisions for Retirment Pay,0.0
SNGYO,2022/3,2BG,Ertelenmiş Vergi Yükümlülüğü,Deferred Tax Liabilities,0.0
SNGYO,2022/3,2BH,Diğer Uzun Vadeli Yükümlülükler,Other Long-Term Liabilities,0.0
SNGYO,2022/3,2N,Özkaynaklar,SHAREHOLDERS EQUITY,304241669.0
SNGYO,2022/3,2O,Ana Ortaklığa Ait Özkaynaklar,Parent Shareholders Capital,304241669.0
SNGYO,2022/3,2OA,Ödenmiş Sermaye,Share Capital,59548773.0
SNGYO,2022/3,2OC,Karşılıklı İştirak Sermayesi Düzeltmesi (-),Adjustments to Share Capital,0.0
SNGYO,2022/3,2OCA,Hisse Senedi İhraç Primleri,Premium in Excess of Par,0.0
SNGYO,2022/3,2OCB,Değer Artış Fonları,Market Value Surpluses,0.0
SNGYO,2022/3,2OCC,Yabancı Para Çevrim Farkları,FX Translation Differences,0.0
SNGYO,2022/3,2OCD,Kardan Ayrılan Kısıtlanmış Yedekler,Income Reserves,12589187.0
SNGYO,2022/3,2OCE,Geçmiş Yıllar Kar/Zararları,Retained Earnings /(Acc. Losses),224529020.0
SNGYO,2022/3,2OCF,Dönem Net Kar/Zararı,Current Year Income /(Losses),13020027.0
SNGYO,2022/3,2OD,Diğer Özsermaye Kalemleri,Other Sholders Equity Items,-5445337.0
SNGYO,2022/3,2ODA,Azınlık Payları,Minority Interests,0.0
SNGYO,2022/3,2ODB,TOPLAM KAYNAKLAR,TOTAL LIABILITIES AND S.HOLDERS EQUITY,717575861.0
SNGYO,2022/3,3B,Sürdürülen Faaliyetler,Continuing Operations,0.0
SNGYO,2022/3,3C,Satış Gelirleri,Net Sales,11809186.0
SNGYO,2022/3,3CA,Satışların Maliyeti (-),Cost Of Sales,-6337978.0
SNGYO,2022/3,3CAA,Ticari Faaliyetlerden Diğer Kar (Zarar),Other Profit (Loss) from Trade Operations,0.0
SNGYO,2022/3,3CAB,Ticari Faaliyetlerden Brüt Kar (Zarar),Gross Profit (Loss) from Trade Operations,5471208.0
SNGYO,2022/3,3CAC,"Faiz, Ücret, Prim, Komisyon ve Diğer Gelirler","Proceeds from Interest, Fee, Premium, Commission and Other",0.0
SNGYO,2022/3,3CAD,"Faiz, Ücret, Prim, Komisyon ve Diğer Giderler (-)","Expenses from Interest, Fee, Premium, Commission and Other",0.0
SNGYO,2022/3,3CAE,Finans Sektörü Faaliyetlerinden Diğer Kar (Zarar),Other Profit (Loss) from Financial Operations,0.0
SNGYO,2022/3,3CAF,Finans Sektörü Faaliyetlerinden Brüt Kar (Zarar),Gross Profit (Loss) from Financial Operations,0.0
SNGYO,2022/3,3CB,Diğer Gelir ve Giderler,Other Income (Expenses),0.0
SNGYO,2022/3,3D,BRÜT KAR (ZARAR),GROSS PROFIT (LOSS),5471208.0
SNGYO,2022/3,3DA,"Pazarlama, Satış ve Dağıtım Giderleri (-)",Marketing Selling & Distrib. Expenses (-),-1577558.0
SNGYO,2022/3,3DB,Genel Yönetim Giderleri (-),General Administrative Expenses (-),-1133792.0
SNGYO,2022/3,3DC,Araştırma ve Geliştirme Giderleri (-),Research & Development Expenses (-),0.0
SNGYO,2022/3,3DD,Diğer Faaliyet Gelirleri,Income from Other Operations,24396541.0
SNGYO,2022/3,3DE,Diğer Faaliyet Giderleri (-),Expenses from Other Operations (-),-8425030.0
SNGYO,2022/3,3DEA,Faaliyet Karı Öncesi Diğer Gelir ve Giderler,Other Income (Expenses) Before Operating Profits,0.0
SNGYO,2022/3,3DF,FAALİYET KARI (ZARARI),OPERATING PROFITS,18731369.0
SNGYO,2022/3,3H,Net Faaliyet Kar/Zararı,Net Operating Profits,2759858.0
SNGYO,2022/3,3HA,Yatırım Faaliyetlerinden Gelirler,nan,30519940.0
SNGYO,2022/3,3HAA,Yatırım Faaliyetlerinden Giderler (-),nan,-4621.0
SNGYO,2022/3,3HAB,Diğer Gelir ve Giderler,nan,0.0
SNGYO,2022/3,3HAC,Özkaynak Yöntemiyle Değerlenen Yatırımların Kar/Zararlarındaki Paylar,Profit (Loss) from Subsidiaries,37458.0
SNGYO,2022/3,3HACA,Finansman Gideri Öncesi Faaliyet Karı/Zararı,nan,49284146.0
SNGYO,2022/3,3HB,(Esas Faaliyet Dışı) Finansal Gelirler,Financial Income (from Other Operations),205889.0
SNGYO,2022/3,3HC,(Esas Faaliyet Dışı) Finansal Giderler (-),Financial Expenses (from Other Operations) (-),-35826297.0
SNGYO,2022/3,3HCA,Vergi Öncesi Diğer Gelir ve Giderler,Other Income (Expenses) Before Tax,30515319.0
SNGYO,2022/3,3I,SÜRDÜRÜLEN FAALİYETLER VERGİ ÖNCESİ KARI (ZARARI),PROFIT BEFORE TAX FROM CONTINUING OPERATIONS,13663738.0
SNGYO,2022/3,3IA,Sürdürülen Faaliyetler Vergi Geliri (Gideri),Taxation on Continuing Operations,0.0
SNGYO,2022/3,3IB,Dönem Vergi Geliri (Gideri),Taxation on Income (Expenses),0.0
SNGYO,2022/3,3IC,Ertelenmiş Vergi Geliri (Gideri),Income (Expenses) of Deferred Tax,0.0
SNGYO,2022/3,3ID,Diğer Vergi Geliri (Gideri),Other Taxation Income (Expenses),0.0
SNGYO,2022/3,3J,SÜRDÜRÜLEN FAALİYETLER DÖNEM KARI/ZARARI,PROFIT FROM CONTINUING OPERATIONS,13663738.0
SNGYO,2022/3,3K,DURDURULAN FAALİYETLER,DISCONTINUED OPERATIONS,0.0
SNGYO,2022/3,3KA,Durdurulan Faaliyetler Vergi Sonrası Dönem Karı (Zararı),Profit After Taxes from Discontinued Operations,0.0
SNGYO,2022/3,3L,DÖNEM KARI (ZARARI),NET PROFIT AFTER TAXES,13663738.0
SNGYO,2022/3,3LA,Dönem Kar/Zararının Dağılımı,Distrubition of Profit (Loss),0.0
SNGYO,2022/3,3LB,Azınlık Payları,Minority Interests,0.0
SNGYO,2022/3,3Z,Ana Ortaklık Payları,Parent Shares,13663738.0
SNGYO,2022/3,3ZD,Hisse Başına Kazanç,Earnings per Share,0.0
SNGYO,2022/3,3ZE,Seyreltilmiş Hisse Başına Kazanç,Diluted Earnings per Share,0.0
SNGYO,2022/3,3ZF,Sürdürülen Faaliyetlerden Hisse Başına Kazanç,Earnings per Share from Continuing Operations,0.0
SNGYO,2022/3,3ZG,Sürdürülen Faaliyetlerden Seyreltilmiş Hisse Başına Kazanç,Earnings per Share from Discontinued Operations,0.0
SNGYO,2022/3,4B,Amortisman Giderleri,Depreciation & Amortization,121225.0
SNGYO,2022/3,4BA,Kıdem Tazminatı,Severance Payments,66456.0
SNGYO,2022/3,4BB,Finansman Giderleri,Financial Expenses,-35826297.0
SNGYO,2022/3,4BC,Yurtiçi Satışlar,Domestic Sales,0.0
SNGYO,2022/3,4BD,Yurtdışı Satışlar,Export Sales,0.0
SNGYO,2022/3,4BE,Net Yabancı Para Pozisyonu,Net Fx Position,-219166427.0
SNGYO,2022/3,4BEA,Parasal net yabancı para varlık/(yükümlülük) pozisyonu,Parasal net yabancı para varlık/(yükümlülük) pozisyonu,-219166427.0
SNGYO,2022/3,4BEB,Net YPP (Hedge Dahil),Net YPP (Hedge Dahil),-219166427.0
SNGYO,2022/3,4C,İşletme Faaliyetlerinden Kaynaklanan Net Nakit,Net Cash from Operations,17983302.0
SNGYO,2022/3,4CA,Düzeltme Öncesi Kar,Earnings Before Adjustments,13663738.0
SNGYO,2022/3,4CAA,Düzeltmeler:,Adjustments:,6032839.0
SNGYO,2022/3,4CAB,Amortisman & İtfa Payları,Depreciation & Amortisation,121225.0
SNGYO,2022/3,4CAC,Karşılıklardaki Değişim,Change in Provisions,66456.0
SNGYO,2022/3,4CAD,Diğer Gelir/ Gider,Other Income / Expense,5845157.0
SNGYO,2022/3,4CAE,İşletme Sermayesinde Değişikler Öncesi Faaliyet Karı (+),Operating Profit Before Changes in Working Capital (+),19696576.0
SNGYO,2022/3,4CAF,İşletme Sermayesindeki Değişiklikler,Change in Working Capital,-1741727.0
SNGYO,2022/3,4CAG,Esas Faaliyet ile İlgili Oluşan Nakit (+),Cash from Core Operations (+),17954849.0
SNGYO,2022/3,4CAH,Diğer İşletme Faaliyetlerinden Nakit,Cash from Other Operations,28453.0
SNGYO,2022/3,4CAI,Sabit Sermaye Yatırımları,Capital Expenditures (CapEx),23971.0
SNGYO,2022/3,4CAJ,Diğer Yatırım Faaliyetlerinden Nakit,Cash from Other Investment Operations,2271263.0
SNGYO,2022/3,4CAK,Yatırım Faaliyetlerinden Kaynaklanan Nakit,Cash from Investment Operations,2295234.0
SNGYO,2022/3,4CB,Serbest Nakit Akım,Free Cash Flow,20278536.0
SNGYO,2022/3,4CBA,Finansal Borçlardaki Değişim,Change in Financial Debt,-20030708.0
SNGYO,2022/3,4CBB,Temettü Ödemeleri,Dividends Paid,0.0
SNGYO,2022/3,4CBC,Sermaye Artırımı,Rights Issue,0.0
SNGYO,2022/3,4CBD,Diğer Finansman Faaliyetlerinden Nakit,Cash from Other Financial Operations,-3121945.0
SNGYO,2022/3,4CBE,Finansman Faaliyetlerden Kaynaklanan Nakit,Cash from Financial Operations,-23152653.0
SNGYO,2022/3,4CBF,Yab. Para Çev. Fark. Etk. Önc.Nak.Ve Nak. Benz. Net Artış/Azalış,Cash Net Inc. / Dec. before For.Cur. Trans. Dif.,-2874116.0
SNGYO,2022/3,4CBG,Yab.ı Para Çevrim Fark. Nakit Ve Nakit Benz. Üzerindeki Etkisi,Foreign Curr. Trans.Diff.Cash and Cash Benz. Imp.,0.0
SNGYO,2022/3,4CBH,Diğer Nakit Girişi/Çıkışı,Other Cash Inflow/Outflow,0.0
SNGYO,2022/3,4CBI,Nakit ve Benzerlerindeki Değişim,Change in Cash & Cash Equivalents,-2874116.0
SNGYO,2022/3,4CBJ,Diğer Nakit ve Nakit Benzerlerindeki Artış,Other Cash & Cash Equivalents Change,0.0
SNGYO,2022/3,4CBK,Dönem Başı Nakit Değerler,Cash at the beginning of the Quarter,13036300.0
SNGYO,2022/3,4CBL,Dönem Sonu Nakit,Cash at the End of the Quarter,10162184.0
SNGYO,2022/6,1A,Dönen Varlıklar,CURRENT ASSETS,211517385.0
SNGYO,2022/6,1AA,Nakit ve Nakit Benzerleri,Cash and Cash Equivalents,2712053.0
SNGYO,2022/6,1AB,Finansal Yatırımlar,Short-Term Financial Investments,87363475.0
SNGYO,2022/6,1AC,Ticari Alacaklar,Short-Term Trade Receivables,14325536.0
SNGYO,2022/6,1AD,Finans Sektörü Faaliyetlerinden Alacaklar,Short-Term Receivables from Financial Operations,0.0
SNGYO,2022/6,1AE,Diğer Alacaklar,Short-Term Other Receivables,482852.0
SNGYO,2022/6,1AEA,Müşteri Sözleşmelerinden Doğan Varlıklar,nan,0.0
SNGYO,2022/6,1AF,Stoklar,Inventories,90682731.0
SNGYO,2022/6,1AG,Canlı Varlıklar,Short-Term Live Assets,0.0
SNGYO,2022/6,1AH,Diğer Dönen Varlıklar,Other Current Assets,15950737.0
SNGYO,2022/6,1AI,(Ara Toplam),(Subtotal),211517385.0
SNGYO,2022/6,1AJ,Satış Amacıyla Elde Tutulan Duran Varlıklar,Assets to be Sold,0.0
SNGYO,2022/6,1AK,Duran Varlıklar,LONG TERM ASSETS,414935600.0
SNGYO,2022/6,1B,Ticari Alacaklar,Trade Receivables,8038999.0
SNGYO,2022/6,1BA,Finans Sektörü Faaliyetlerinden Alacaklar,Long-Term Receivables from Financial Operations,0.0
SNGYO,2022/6,1BB,Diğer Alacaklar,Other Receivables,81684.0
SNGYO,2022/6,1BBA,Müşteri Sözleşmelerinden Doğan Varlıklar,nan,0.0
SNGYO,2022/6,1BC,Finansal Yatırımlar,Financial Investments,0.0
SNGYO,2022/6,1BD,Özkaynak Yöntemiyle Değerlenen Yatırımlar,Investments with Equity Method,895609.0
SNGYO,2022/6,1BE,Canlı Varlıklar,Long-Term Live Assets,0.0
SNGYO,2022/6,1BF,Yatırım Amaçlı Gayrimenkuller,Real Estate Investments,283541027.0
SNGYO,2022/6,1BFA,Stoklar,Stoklar,27086849.0
SNGYO,2022/6,1BFAA,Kullanım Hakkı Varlıkları,nan,513568.0
SNGYO,2022/6,1BG,Maddi Duran Varlıklar,Tangible Fixed Assets,838166.0
SNGYO,2022/6,1BGA,Şerefiye,Goodwill,0.0
SNGYO,2022/6,1BH,Maddi Olmayan Duran Varlıklar,Intangible Fixed Assets,46063.0
SNGYO,2022/6,1BJ,Ertelenmiş Vergi Varlığı,Long Term Deffered Tax Assets,0.0
SNGYO,2022/6,1BK,Diğer Duran Varlıklar,Other Long-Term Assets,93893635.0
SNGYO,2022/6,1BL,TOPLAM VARLIKLAR,TOTAL ASSETS,626452985.0
SNGYO,2022/6,1BM,KAYNAKLAR,LIABILITIES,0.0
SNGYO,2022/6,2A,Kısa Vadeli Yükümlülükler,SHORT TERM LIABILITIES,76119754.0
SNGYO,2022/6,2AA,Finansal Borçlar,Short-Term Financial Loans,51412603.0
SNGYO,2022/6,2AAG,Diğer Finansal Yükümlülükler,Other Short-Term Financial Liabilities,0.0
SNGYO,2022/6,2AAGAA,Ticari Borçlar,Short-Term Trade Payables,6031041.0
SNGYO,2022/6,2AAGAB,Diğer Borçlar,Other Short-Term Loans,786766.0
SNGYO,2022/6,2AAGAC,Müşteri Söz. Doğan Yük.,nan,0.0
SNGYO,2022/6,2AAGB,Finans Sektörü Faaliyetlerinden Borçlar,Short-Term Loans from Financial Operations,0.0
SNGYO,2022/6,2AAGC,Devlet Teşvik ve Yardımları,Short-Term Government Promotions and Aids,0.0
SNGYO,2022/6,2AAGCA,Ertelenmiş Gelirler (Müşteri Söz. Doğan Yük. Dış.Kal.),nan,17003538.0
SNGYO,2022/6,2AAGD,Dönem Karı Vergi Yükümlülüğü,Taxation Liabilities on Income (-),0.0
SNGYO,2022/6,2AAGE,Borç Karşılıkları,Short-Term Provisions,215100.0
SNGYO,2022/6,2AAGF,Diğer Kısa Vadeli Yükümlülükler,Other Short-Term Liabilities,670706.0
SNGYO,2022/6,2AAGG,(Ara Toplam),(Subtotal),76119754.0
SNGYO,2022/6,2AAGH,Satış Amaçlı Elde Tutulan Duran Varlıklara İlişkin Yükümlülükler,Liabilities on Assets to be Sold,0.0
SNGYO,2022/6,2B,Uzun Vadeli Yükümlülükler,LONG TERM LIABILITIES,282273251.0
SNGYO,2022/6,2BA,Finansal Borçlar,Long-Term Financial Loans,222010654.0
SNGYO,2022/6,2BB,Diğer Finansal Yükümlülükler,Other Short-Term Financial Liabilities,0.0
SNGYO,2022/6,2BBA,Ticari Borçlar,Long-Term Trade Payables,0.0
SNGYO,2022/6,2BBB,Diğer Borçlar,Other Long-Term Loans,2916417.0
SNGYO,2022/6,2BBBA,Müşteri Söz.Doğan Yük.,nan,0.0
SNGYO,2022/6,2BC,Finans Sektörü Faaliyetlerinden Borçlar,Long-Term Loans from Financial Operations,0.0
SNGYO,2022/6,2BD,Devlet Teşvik ve Yardımları,Long-Term Government Promotions and Aids,0.0
SNGYO,2022/6,2BDA,Ertelenmiş Gelirler (Müşteri Söz.Doğan Yük. Dış.Kal.),nan,56938733.0
SNGYO,2022/6,2BE,Uzun vadeli karşılıklar,Long-Term Provisions,407448.0
SNGYO,2022/6,2BF,Çalışanlara Sağlanan Faydalara İliş.Karş.,Provisions for Retirment Pay,0.0
SNGYO,2022/6,2BG,Ertelenmiş Vergi Yükümlülüğü,Deferred Tax Liabilities,0.0
SNGYO,2022/6,2BH,Diğer Uzun Vadeli Yükümlülükler,Other Long-Term Liabilities,0.0
SNGYO,2022/6,2N,Özkaynaklar,SHAREHOLDERS EQUITY,268059980.0
SNGYO,2022/6,2O,Ana Ortaklığa Ait Özkaynaklar,Parent Shareholders Capital,268059980.0
SNGYO,2022/6,2OA,Ödenmiş Sermaye,Share Capital,89866638.0
SNGYO,2022/6,2OC,Karşılıklı İştirak Sermayesi Düzeltmesi (-),Adjustments to Share Capital,0.0
SNGYO,2022/6,2OCA,Hisse Senedi İhraç Primleri,Premium in Excess of Par,7604055.0
SNGYO,2022/6,2OCB,Değer Artış Fonları,Market Value Surpluses,0.0
SNGYO,2022/6,2OCC,Yabancı Para Çevrim Farkları,FX Translation Differences,0.0
SNGYO,2022/6,2OCD,Kardan Ayrılan Kısıtlanmış Yedekler,Income Reserves,15032639.0
SNGYO,2022/6,2OCE,Geçmiş Yıllar Kar/Zararları,Retained Earnings /(Acc. Losses),155724533.0
SNGYO,2022/6,2OCF,Dönem Net Kar/Zararı,Current Year Income /(Losses),12231131.0
SNGYO,2022/6,2OD,Diğer Özsermaye Kalemleri,Other Sholders Equity Items,-12399016.0
SNGYO,2022/6,2ODA,Azınlık Payları,Minority Interests,0.0
SNGYO,2022/6,2ODB,TOPLAM KAYNAKLAR,TOTAL LIABILITIES AND S.HOLDERS EQUITY,626452985.0
SNGYO,2022/6,3B,Sürdürülen Faaliyetler,Continuing Operations,0.0
SNGYO,2022/6,3C,Satış Gelirleri,Net Sales,30200600.0
SNGYO,2022/6,3CA,Satışların Maliyeti (-),Cost Of Sales,-26437249.0
SNGYO,2022/6,3CAA,Ticari Faaliyetlerden Diğer Kar (Zarar),Other Profit (Loss) from Trade Operations,0.0
SNGYO,2022/6,3CAB,Ticari Faaliyetlerden Brüt Kar (Zarar),Gross Profit (Loss) from Trade Operations,3763351.0
SNGYO,2022/6,3CAC,"Faiz, Ücret, Prim, Komisyon ve Diğer Gelirler","Proceeds from Interest, Fee, Premium, Commission and Other",0.0
SNGYO,2022/6,3CAD,"Faiz, Ücret, Prim, Komisyon ve Diğer Giderler (-)","Expenses from Interest, Fee, Premium, Commission and Other",0.0
SNGYO,2022/6,3CAE,Finans Sektörü Faaliyetlerinden Diğer Kar (Zarar),Other Profit (Loss) from Financial Operations,0.0
SNGYO,2022/6,3CAF,Finans Sektörü Faaliyetlerinden Brüt Kar (Zarar),Gross Profit (Loss) from Financial Operations,0.0
SNGYO,2022/6,3CB,Diğer Gelir ve Giderler,Other Income (Expenses),0.0
SNGYO,2022/6,3D,BRÜT KAR (ZARAR),GROSS PROFIT (LOSS),3763351.0
SNGYO,2022/6,3DA,"Pazarlama, Satış ve Dağıtım Giderleri (-)",Marketing Selling & Distrib. Expenses (-),-1947704.0
SNGYO,2022/6,3DB,Genel Yönetim Giderleri (-),General Administrative Expenses (-),-2908674.0
SNGYO,2022/6,3DC,Araştırma ve Geliştirme Giderleri (-),Research & Development Expenses (-),0.0
SNGYO,2022/6,3DD,Diğer Faaliyet Gelirleri,Income from Other Operations,24053319.0
SNGYO,2022/6,3DE,Diğer Faaliyet Giderleri (-),Expenses from Other Operations (-),-47670136.0
SNGYO,2022/6,3DEA,Faaliyet Karı Öncesi Diğer Gelir ve Giderler,Other Income (Expenses) Before Operating Profits,0.0
SNGYO,2022/6,3DF,FAALİYET KARI (ZARARI),OPERATING PROFITS,-24709842.0
SNGYO,2022/6,3H,Net Faaliyet Kar/Zararı,Net Operating Profits,-1093026.0
SNGYO,2022/6,3HA,Yatırım Faaliyetlerinden Gelirler,nan,56413278.0
SNGYO,2022/6,3HAA,Yatırım Faaliyetlerinden Giderler (-),nan,0.0
SNGYO,2022/6,3HAB,Diğer Gelir ve Giderler,nan,0.0
SNGYO,2022/6,3HAC,Özkaynak Yöntemiyle Değerlenen Yatırımların Kar/Zararlarındaki Paylar,Profit (Loss) from Subsidiaries,6293.0
SNGYO,2022/6,3HACA,Finansman Gideri Öncesi Faaliyet Karı/Zararı,nan,31709728.0
SNGYO,2022/6,3HB,(Esas Faaliyet Dışı) Finansal Gelirler,Financial Income (from Other Operations),264454.0
SNGYO,2022/6,3HC,(Esas Faaliyet Dışı) Finansal Giderler (-),Financial Expenses (from Other Operations) (-),-18260180.0
SNGYO,2022/6,3HCA,Vergi Öncesi Diğer Gelir ve Giderler,Other Income (Expenses) Before Tax,56413278.0
SNGYO,2022/6,3I,SÜRDÜRÜLEN FAALİYETLER VERGİ ÖNCESİ KARI (ZARARI),PROFIT BEFORE TAX FROM CONTINUING OPERATIONS,13714002.0
SNGYO,2022/6,3IA,Sürdürülen Faaliyetler Vergi Geliri (Gideri),Taxation on Continuing Operations,0.0
SNGYO,2022/6,3IB,Dönem Vergi Geliri (Gideri),Taxation on Income (Expenses),0.0
SNGYO,2022/6,3IC,Ertelenmiş Vergi Geliri (Gideri),Income (Expenses) of Deferred Tax,0.0
SNGYO,2022/6,3ID,Diğer Vergi Geliri (Gideri),Other Taxation Income (Expenses),0.0
SNGYO,2022/6,3J,SÜRDÜRÜLEN FAALİYETLER DÖNEM KARI/ZARARI,PROFIT FROM CONTINUING OPERATIONS,13714002.0
SNGYO,2022/6,3K,DURDURULAN FAALİYETLER,DISCONTINUED OPERATIONS,0.0
SNGYO,2022/6,3KA,Durdurulan Faaliyetler Vergi Sonrası Dönem Karı (Zararı),Profit After Taxes from Discontinued Operations,0.0
SNGYO,2022/6,3L,DÖNEM KARI (ZARARI),NET PROFIT AFTER TAXES,13714002.0
SNGYO,2022/6,3LA,Dönem Kar/Zararının Dağılımı,Distrubition of Profit (Loss),0.0
SNGYO,2022/6,3LB,Azınlık Payları,Minority Interests,0.0
SNGYO,2022/6,3Z,Ana Ortaklık Payları,Parent Shares,13714002.0
SNGYO,2022/6,3ZD,Hisse Başına Kazanç,Earnings per Share,0.0
SNGYO,2022/6,3ZE,Seyreltilmiş Hisse Başına Kazanç,Diluted Earnings per Share,0.0
SNGYO,2022/6,3ZF,Sürdürülen Faaliyetlerden Hisse Başına Kazanç,Earnings per Share from Continuing Operations,0.0
SNGYO,2022/6,3ZG,Sürdürülen Faaliyetlerden Seyreltilmiş Hisse Başına Kazanç,Earnings per Share from Discontinued Operations,0.0
SNGYO,2022/6,4B,Amortisman Giderleri,Depreciation & Amortization,222325.0
SNGYO,2022/6,4BA,Kıdem Tazminatı,Severance Payments,48383.0
SNGYO,2022/6,4BB,Finansman Giderleri,Financial Expenses,-18260180.0
SNGYO,2022/6,4BC,Yurtiçi Satışlar,Domestic Sales,0.0
SNGYO,2022/6,4BD,Yurtdışı Satışlar,Export Sales,0.0
SNGYO,2022/6,4BE,Net Yabancı Para Pozisyonu,Net Fx Position,-197621002.0
SNGYO,2022/6,4BEA,Parasal net yabancı para varlık/(yükümlülük) pozisyonu,Parasal net yabancı para varlık/(yükümlülük) pozisyonu,-197621002.0
SNGYO,2022/6,4BEB,Net YPP (Hedge Dahil),Net YPP (Hedge Dahil),-197621002.0
SNGYO,2022/6,4C,İşletme Faaliyetlerinden Kaynaklanan Net Nakit,Net Cash from Operations,-7684817.0
SNGYO,2022/6,4CA,Düzeltme Öncesi Kar,Earnings Before Adjustments,13714002.0
SNGYO,2022/6,4CAA,Düzeltmeler:,Adjustments:,-29424087.0
SNGYO,2022/6,4CAB,Amortisman & İtfa Payları,Depreciation & Amortisation,222325.0
SNGYO,2022/6,4CAC,Karşılıklardaki Değişim,Change in Provisions,48383.0
SNGYO,2022/6,4CAD,Diğer Gelir/ Gider,Other Income / Expense,-29694795.0
SNGYO,2022/6,4CAE,İşletme Sermayesinde Değişikler Öncesi Faaliyet Karı (+),Operating Profit Before Changes in Working Capital (+),-15710085.0
SNGYO,2022/6,4CAF,İşletme Sermayesindeki Değişiklikler,Change in Working Capital,8081272.0
SNGYO,2022/6,4CAG,Esas Faaliyet ile İlgili Oluşan Nakit (+),Cash from Core Operations (+),-7628813.0
SNGYO,2022/6,4CAH,Diğer İşletme Faaliyetlerinden Nakit,Cash from Other Operations,-56004.0
SNGYO,2022/6,4CAI,Sabit Sermaye Yatırımları,Capital Expenditures (CapEx),-42568.0
SNGYO,2022/6,4CAJ,Diğer Yatırım Faaliyetlerinden Nakit,Cash from Other Investment Operations,-2823413.0
SNGYO,2022/6,4CAK,Yatırım Faaliyetlerinden Kaynaklanan Nakit,Cash from Investment Operations,-2865981.0
SNGYO,2022/6,4CB,Serbest Nakit Akım,Free Cash Flow,-10550798.0
SNGYO,2022/6,4CBA,Finansal Borçlardaki Değişim,Change in Financial Debt,-1428995.0
SNGYO,2022/6,4CBB,Temettü Ödemeleri,Dividends Paid,0.0
SNGYO,2022/6,4CBC,Sermaye Artırımı,Rights Issue,0.0
SNGYO,2022/6,4CBD,Diğer Finansman Faaliyetlerinden Nakit,Cash from Other Financial Operations,2784656.0
SNGYO,2022/6,4CBE,Finansman Faaliyetlerden Kaynaklanan Nakit,Cash from Financial Operations,1355661.0
SNGYO,2022/6,4CBF,Yab. Para Çev. Fark. Etk. Önc.Nak.Ve Nak. Benz. Net Artış/Azalış,Cash Net Inc. / Dec. before For.Cur. Trans. Dif.,-9195137.0
SNGYO,2022/6,4CBG,Yab.ı Para Çevrim Fark. Nakit Ve Nakit Benz. Üzerindeki Etkisi,Foreign Curr. Trans.Diff.Cash and Cash Benz. Imp.,0.0
SNGYO,2022/6,4CBH,Diğer Nakit Girişi/Çıkışı,Other Cash Inflow/Outflow,0.0
SNGYO,2022/6,4CBI,Nakit ve Benzerlerindeki Değişim,Change in Cash & Cash Equivalents,-9195137.0
SNGYO,2022/6,4CBJ,Diğer Nakit ve Nakit Benzerlerindeki Artış,Other Cash & Cash Equivalents Change,0.0
SNGYO,2022/6,4CBK,Dönem Başı Nakit Değerler,Cash at the beginning of the Quarter,12235992.0
SNGYO,2022/6,4CBL,Dönem Sonu Nakit,Cash at the End of the Quarter,3040855.0
SNGYO,2022/9,1A,Dönen Varlıklar,CURRENT ASSETS,149745556.0
SNGYO,2022/9,1AA,Nakit ve Nakit Benzerleri,Cash and Cash Equivalents,387234.0
SNGYO,2022/9,1AB,Finansal Yatırımlar,Short-Term Financial Investments,22403873.0
SNGYO,2022/9,1AC,Ticari Alacaklar,Short-Term Trade Receivables,17622838.0
SNGYO,2022/9,1AD,Finans Sektörü Faaliyetlerinden Alacaklar,Short-Term Receivables from Financial Operations,0.0
SNGYO,2022/9,1AE,Diğer Alacaklar,Short-Term Other Receivables,456628.0
SNGYO,2022/9,1AEA,Müşteri Sözleşmelerinden Doğan Varlıklar,nan,0.0
SNGYO,2022/9,1AF,Stoklar,Inventories,92251155.0
SNGYO,2022/9,1AG,Canlı Varlıklar,Short-Term Live Assets,0.0
SNGYO,2022/9,1AH,Diğer Dönen Varlıklar,Other Current Assets,16623828.0
SNGYO,2022/9,1AI,(Ara Toplam),(Subtotal),149745556.0
SNGYO,2022/9,1AJ,Satış Amacıyla Elde Tutulan Duran Varlıklar,Assets to be Sold,0.0
SNGYO,2022/9,1AK,Duran Varlıklar,LONG TERM ASSETS,370371827.0
SNGYO,2022/9,1B,Ticari Alacaklar,Trade Receivables,5958303.0
SNGYO,2022/9,1BA,Finans Sektörü Faaliyetlerinden Alacaklar,Long-Term Receivables from Financial Operations,0.0
SNGYO,2022/9,1BB,Diğer Alacaklar,Other Receivables,71822.0
SNGYO,2022/9,1BBA,Müşteri Sözleşmelerinden Doğan Varlıklar,nan,0.0
SNGYO,2022/9,1BC,Finansal Yatırımlar,Financial Investments,0.0
SNGYO,2022/9,1BD,Özkaynak Yöntemiyle Değerlenen Yatırımlar,Investments with Equity Method,751543.0
SNGYO,2022/9,1BE,Canlı Varlıklar,Long-Term Live Assets,0.0
SNGYO,2022/9,1BF,Yatırım Amaçlı Gayrimenkuller,Real Estate Investments,253302252.0
SNGYO,2022/9,1BFA,Stoklar,Stoklar,24370148.0
SNGYO,2022/9,1BFAA,Kullanım Hakkı Varlıkları,nan,385049.0
SNGYO,2022/9,1BG,Maddi Duran Varlıklar,Tangible Fixed Assets,740806.0
SNGYO,2022/9,1BGA,Şerefiye,Goodwill,0.0
SNGYO,2022/9,1BH,Maddi Olmayan Duran Varlıklar,Intangible Fixed Assets,41265.0
SNGYO,2022/9,1BJ,Ertelenmiş Vergi Varlığı,Long Term Deffered Tax Assets,0.0
SNGYO,2022/9,1BK,Diğer Duran Varlıklar,Other Long-Term Assets,84750640.0
SNGYO,2022/9,1BL,TOPLAM VARLIKLAR,TOTAL ASSETS,520117383.0
SNGYO,2022/9,1BM,KAYNAKLAR,LIABILITIES,0.0
SNGYO,2022/9,2A,Kısa Vadeli Yükümlülükler,SHORT TERM LIABILITIES,72435799.0
SNGYO,2022/9,2AA,Finansal Borçlar,Short-Term Financial Loans,46958140.0
SNGYO,2022/9,2AAG,Diğer Finansal Yükümlülükler,Other Short-Term Financial Liabilities,0.0
SNGYO,2022/9,2AAGAA,Ticari Borçlar,Short-Term Trade Payables,4368016.0
SNGYO,2022/9,2AAGAB,Diğer Borçlar,Other Short-Term Loans,711626.0
SNGYO,2022/9,2AAGAC,Müşteri Söz. Doğan Yük.,nan,0.0
SNGYO,2022/9,2AAGB,Finans Sektörü Faaliyetlerinden Borçlar,Short-Term Loans from Financial Operations,0.0
SNGYO,2022/9,2AAGC,Devlet Teşvik ve Yardımları,Short-Term Government Promotions and Aids,0.0
SNGYO,2022/9,2AAGCA,Ertelenmiş Gelirler (Müşteri Söz. Doğan Yük. Dış.Kal.),nan,19658998.0
SNGYO,2022/9,2AAGD,Dönem Karı Vergi Yükümlülüğü,Taxation Liabilities on Income (-),0.0
SNGYO,2022/9,2AAGE,Borç Karşılıkları,Short-Term Provisions,301168.0
SNGYO,2022/9,2AAGF,Diğer Kısa Vadeli Yükümlülükler,Other Short-Term Liabilities,437852.0
SNGYO,2022/9,2AAGG,(Ara Toplam),(Subtotal),72435799.0
SNGYO,2022/9,2AAGH,Satış Amaçlı Elde Tutulan Duran Varlıklara İlişkin Yükümlülükler,Liabilities on Assets to be Sold,0.0
SNGYO,2022/9,2B,Uzun Vadeli Yükümlülükler,LONG TERM LIABILITIES,271001877.0
SNGYO,2022/9,2BA,Finansal Borçlar,Long-Term Financial Loans,221626195.0
SNGYO,2022/9,2BB,Diğer Finansal Yükümlülükler,Other Short-Term Financial Liabilities,0.0
SNGYO,2022/9,2BBA,Ticari Borçlar,Long-Term Trade Payables,0.0
SNGYO,2022/9,2BBB,Diğer Borçlar,Other Long-Term Loans,1612821.0
SNGYO,2022/9,2BBBA,Müşteri Söz.Doğan Yük.,nan,0.0
SNGYO,2022/9,2BC,Finans Sektörü Faaliyetlerinden Borçlar,Long-Term Loans from Financial Operations,0.0
SNGYO,2022/9,2BD,Devlet Teşvik ve Yardımları,Long-Term Government Promotions and Aids,0.0
SNGYO,2022/9,2BDA,Ertelenmiş Gelirler (Müşteri Söz.Doğan Yük. Dış.Kal.),nan,47277361.0
SNGYO,2022/9,2BE,Uzun vadeli karşılıklar,Long-Term Provisions,485500.0
SNGYO,2022/9,2BF,Çalışanlara Sağlanan Faydalara İliş.Karş.,Provisions for Retirment Pay,0.0
SNGYO,2022/9,2BG,Ertelenmiş Vergi Yükümlülüğü,Deferred Tax Liabilities,0.0
SNGYO,2022/9,2BH,Diğer Uzun Vadeli Yükümlülükler,Other Long-Term Liabilities,0.0
SNGYO,2022/9,2N,Özkaynaklar,SHAREHOLDERS EQUITY,176679707.0
SNGYO,2022/9,2O,Ana Ortaklığa Ait Özkaynaklar,Parent Shareholders Capital,176679707.0
SNGYO,2022/9,2OA,Ödenmiş Sermaye,Share Capital,80853380.0
SNGYO,2022/9,2OC,Karşılıklı İştirak Sermayesi Düzeltmesi (-),Adjustments to Share Capital,0.0
SNGYO,2022/9,2OCA,Hisse Senedi İhraç Primleri,Premium in Excess of Par,6841399.0
SNGYO,2022/9,2OCB,Değer Artış Fonları,Market Value Surpluses,0.0
SNGYO,2022/9,2OCC,Yabancı Para Çevrim Farkları,FX Translation Differences,0.0
SNGYO,2022/9,2OCD,Kardan Ayrılan Kısıtlanmış Yedekler,Income Reserves,13524927.0
SNGYO,2022/9,2OCE,Geçmiş Yıllar Kar/Zararları,Retained Earnings /(Acc. Losses),140105997.0
SNGYO,2022/9,2OCF,Dönem Net Kar/Zararı,Current Year Income /(Losses),-53393925.0
SNGYO,2022/9,2OD,Diğer Özsermaye Kalemleri,Other Sholders Equity Items,-11252071.0
SNGYO,2022/9,2ODA,Azınlık Payları,Minority Interests,0.0
SNGYO,2022/9,2ODB,TOPLAM KAYNAKLAR,TOTAL LIABILITIES AND S.HOLDERS EQUITY,520117383.0
SNGYO,2022/9,3B,Sürdürülen Faaliyetler,Continuing Operations,0.0
SNGYO,2022/9,3C,Satış Gelirleri,Net Sales,55504265.0
SNGYO,2022/9,3CA,Satışların Maliyeti (-),Cost Of Sales,-27266557.0
SNGYO,2022/9,3CAA,Ticari Faaliyetlerden Diğer Kar (Zarar),Other Profit (Loss) from Trade Operations,0.0
SNGYO,2022/9,3CAB,Ticari Faaliyetlerden Brüt Kar (Zarar),Gross Profit (Loss) from Trade Operations,28237708.0
SNGYO,2022/9,3CAC,"Faiz, Ücret, Prim, Komisyon ve Diğer Gelirler","Proceeds from Interest, Fee, Premium, Commission and Other",0.0
SNGYO,2022/9,3CAD,"Faiz, Ücret, Prim, Komisyon ve Diğer Giderler (-)","Expenses from Interest, Fee, Premium, Commission and Other",0.0
SNGYO,2022/9,3CAE,Finans Sektörü Faaliyetlerinden Diğer Kar (Zarar),Other Profit (Loss) from Financial Operations,0.0
SNGYO,2022/9,3CAF,Finans Sektörü Faaliyetlerinden Brüt Kar (Zarar),Gross Profit (Loss) from Financial Operations,0.0
SNGYO,2022/9,3CB,Diğer Gelir ve Giderler,Other Income (Expenses),0.0
SNGYO,2022/9,3D,BRÜT KAR (ZARAR),GROSS PROFIT (LOSS),28237708.0
SNGYO,2022/9,3DA,"Pazarlama, Satış ve Dağıtım Giderleri (-)",Marketing Selling & Distrib. Expenses (-),-3057664.0
SNGYO,2022/9,3DB,Genel Yönetim Giderleri (-),General Administrative Expenses (-),-4894525.0
SNGYO,2022/9,3DC,Araştırma ve Geliştirme Giderleri (-),Research & Development Expenses (-),0.0
SNGYO,2022/9,3DD,Diğer Faaliyet Gelirleri,Income from Other Operations,23768308.0
SNGYO,2022/9,3DE,Diğer Faaliyet Giderleri (-),Expenses from Other Operations (-),-21817656.0
SNGYO,2022/9,3DEA,Faaliyet Karı Öncesi Diğer Gelir ve Giderler,Other Income (Expenses) Before Operating Profits,0.0
SNGYO,2022/9,3DF,FAALİYET KARI (ZARARI),OPERATING PROFITS,22236171.0
SNGYO,2022/9,3H,Net Faaliyet Kar/Zararı,Net Operating Profits,20285519.0
SNGYO,2022/9,3HA,Yatırım Faaliyetlerinden Gelirler,nan,0.0
SNGYO,2022/9,3HAA,Yatırım Faaliyetlerinden Giderler (-),nan,3049.0
SNGYO,2022/9,3HAB,Diğer Gelir ve Giderler,nan,0.0
SNGYO,2022/9,3HAC,Özkaynak Yöntemiyle Değerlenen Yatırımların Kar/Zararlarındaki Paylar,Profit (Loss) from Subsidiaries,-57349.0
SNGYO,2022/9,3HACA,Finansman Gideri Öncesi Faaliyet Karı/Zararı,nan,22181871.0
SNGYO,2022/9,3HB,(Esas Faaliyet Dışı) Finansal Gelirler,Financial Income (from Other Operations),1591523.0
SNGYO,2022/9,3HC,(Esas Faaliyet Dışı) Finansal Giderler (-),Financial Expenses (from Other Operations) (-),-86021961.0
SNGYO,2022/9,3HCA,Vergi Öncesi Diğer Gelir ve Giderler,Other Income (Expenses) Before Tax,3049.0
SNGYO,2022/9,3I,SÜRDÜRÜLEN FAALİYETLER VERGİ ÖNCESİ KARI (ZARARI),PROFIT BEFORE TAX FROM CONTINUING OPERATIONS,-62248567.0
SNGYO,2022/9,3IA,Sürdürülen Faaliyetler Vergi Geliri (Gideri),Taxation on Continuing Operations,0.0
SNGYO,2022/9,3IB,Dönem Vergi Geliri (Gideri),Taxation on Income (Expenses),0.0
SNGYO,2022/9,3IC,Ertelenmiş Vergi Geliri (Gideri),Income (Expenses) of Deferred Tax,0.0
SNGYO,2022/9,3ID,Diğer Vergi Geliri (Gideri),Other Taxation Income (Expenses),0.0
SNGYO,2022/9,3J,SÜRDÜRÜLEN FAALİYETLER DÖNEM KARI/ZARARI,PROFIT FROM CONTINUING OPERATIONS,-62248567.0
SNGYO,2022/9,3K,DURDURULAN FAALİYETLER,DISCONTINUED OPERATIONS,0.0
SNGYO,2022/9,3KA,Durdurulan Faaliyetler Vergi Sonrası Dönem Karı (Zararı),Profit After Taxes from Discontinued Operations,0.0
SNGYO,2022/9,3L,DÖNEM KARI (ZARARI),NET PROFIT AFTER TAXES,-62248567.0
SNGYO,2022/9,3LA,Dönem Kar/Zararının Dağılımı,Distrubition of Profit (Loss),0.0
SNGYO,2022/9,3LB,Azınlık Payları,Minority Interests,0.0
SNGYO,2022/9,3Z,Ana Ortaklık Payları,Parent Shares,-62248567.0
SNGYO,2022/9,3ZD,Hisse Başına Kazanç,Earnings per Share,0.0
SNGYO,2022/9,3ZE,Seyreltilmiş Hisse Başına Kazanç,Diluted Earnings per Share,0.0
SNGYO,2022/9,3ZF,Sürdürülen Faaliyetlerden Hisse Başına Kazanç,Earnings per Share from Continuing Operations,0.0
SNGYO,2022/9,3ZG,Sürdürülen Faaliyetlerden Seyreltilmiş Hisse Başına Kazanç,Earnings per Share from Discontinued Operations,0.0
SNGYO,2022/9,4B,Amortisman Giderleri,Depreciation & Amortization,352702.0
SNGYO,2022/9,4BA,Kıdem Tazminatı,Severance Payments,170754.0
SNGYO,2022/9,4BB,Finansman Giderleri,Financial Expenses,-86021961.0
SNGYO,2022/9,4BC,Yurtiçi Satışlar,Domestic Sales,0.0
SNGYO,2022/9,4BD,Yurtdışı Satışlar,Export Sales,0.0
SNGYO,2022/9,4BE,Net Yabancı Para Pozisyonu,Net Fx Position,-243474099.0
SNGYO,2022/9,4BEA,Parasal net yabancı para varlık/(yükümlülük) pozisyonu,Parasal net yabancı para varlık/(yükümlülük) pozisyonu,-243474099.0
SNGYO,2022/9,4BEB,Net YPP (Hedge Dahil),Net YPP (Hedge Dahil),-243474099.0
SNGYO,2022/9,4C,İşletme Faaliyetlerinden Kaynaklanan Net Nakit,Net Cash from Operations,-540091.0
SNGYO,2022/9,4CA,Düzeltme Öncesi Kar,Earnings Before Adjustments,-62248567.0
SNGYO,2022/9,4CAA,Düzeltmeler:,Adjustments:,33421559.0
SNGYO,2022/9,4CAB,Amortisman & İtfa Payları,Depreciation & Amortisation,352702.0
SNGYO,2022/9,4CAC,Karşılıklardaki Değişim,Change in Provisions,170754.0
SNGYO,2022/9,4CAD,Diğer Gelir/ Gider,Other Income / Expense,32898103.0
SNGYO,2022/9,4CAE,İşletme Sermayesinde Değişikler Öncesi Faaliyet Karı (+),Operating Profit Before Changes in Working Capital (+),-28827009.0
SNGYO,2022/9,4CAF,İşletme Sermayesindeki Değişiklikler,Change in Working Capital,28365733.0
SNGYO,2022/9,4CAG,Esas Faaliyet ile İlgili Oluşan Nakit (+),Cash from Core Operations (+),-461275.0
SNGYO,2022/9,4CAH,Diğer İşletme Faaliyetlerinden Nakit,Cash from Other Operations,-78815.0
SNGYO,2022/9,4CAI,Sabit Sermaye Yatırımları,Capital Expenditures (CapEx),-38576.0
SNGYO,2022/9,4CAJ,Diğer Yatırım Faaliyetlerinden Nakit,Cash from Other Investment Operations,1789462.0
SNGYO,2022/9,4CAK,Yatırım Faaliyetlerinden Kaynaklanan Nakit,Cash from Investment Operations,1750886.0
SNGYO,2022/9,4CB,Serbest Nakit Akım,Free Cash Flow,1210796.0
SNGYO,2022/9,4CBA,Finansal Borçlardaki Değişim,Change in Financial Debt,11201663.0
SNGYO,2022/9,4CBB,Temettü Ödemeleri,Dividends Paid,0.0
SNGYO,2022/9,4CBC,Sermaye Artırımı,Rights Issue,0.0
SNGYO,2022/9,4CBD,Diğer Finansman Faaliyetlerinden Nakit,Cash from Other Financial Operations,-23407668.0
SNGYO,2022/9,4CBE,Finansman Faaliyetlerden Kaynaklanan Nakit,Cash from Financial Operations,-12206005.0
SNGYO,2022/9,4CBF,Yab. Para Çev. Fark. Etk. Önc.Nak.Ve Nak. Benz. Net Artış/Azalış,Cash Net Inc. / Dec. before For.Cur. Trans. Dif.,-10995209.0
SNGYO,2022/9,4CBG,Yab.ı Para Çevrim Fark. Nakit Ve Nakit Benz. Üzerindeki Etkisi,Foreign Curr. Trans.Diff.Cash and Cash Benz. Imp.,0.0
SNGYO,2022/9,4CBH,Diğer Nakit Girişi/Çıkışı,Other Cash Inflow/Outflow,0.0
SNGYO,2022/9,4CBI,Nakit ve Benzerlerindeki Değişim,Change in Cash & Cash Equivalents,-10995209.0
SNGYO,2022/9,4CBJ,Diğer Nakit ve Nakit Benzerlerindeki Artış,Other Cash & Cash Equivalents Change,0.0
SNGYO,2022/9,4CBK,Dönem Başı Nakit Değerler,Cash at the beginning of the Quarter,11446660.0
SNGYO,2022/9,4CBL,Dönem Sonu Nakit,Cash at the End of the Quarter,451451.0
SNGYO,2023/12,1A,Dönen Varlıklar,CURRENT ASSETS,328909342.0
SNGYO,2023/12,1AA,Nakit ve Nakit Benzerleri,Cash and Cash Equivalents,12559627.0
SNGYO,2023/12,1AB,Finansal Yatırımlar,Short-Term Financial Investments,0.0
SNGYO,2023/12,1AC,Ticari Alacaklar,Short-Term Trade Receivables,14412304.0
SNGYO,2023/12,1AD,Finans Sektörü Faaliyetlerinden Alacaklar,Short-Term Receivables from Financial Operations,0.0
SNGYO,2023/12,1AE,Diğer Alacaklar,Short-Term Other Receivables,21578985.0
SNGYO,2023/12,1AEA,Müşteri Sözleşmelerinden Doğan Varlıklar,nan,0.0
SNGYO,2023/12,1AF,Stoklar,Inventories,249286684.0
SNGYO,2023/12,1AG,Canlı Varlıklar,Short-Term Live Assets,0.0
SNGYO,2023/12,1AH,Diğer Dönen Varlıklar,Other Current Assets,31071743.0
SNGYO,2023/12,1AI,(Ara Toplam),(Subtotal),328909342.0
SNGYO,2023/12,1AJ,Satış Amacıyla Elde Tutulan Duran Varlıklar,Assets to be Sold,0.0
SNGYO,2023/12,1AK,Duran Varlıklar,LONG TERM ASSETS,1273947578.0
SNGYO,2023/12,1B,Ticari Alacaklar,Trade Receivables,1223959.0
SNGYO,2023/12,1BA,Finans Sektörü Faaliyetlerinden Alacaklar,Long-Term Receivables from Financial Operations,0.0
SNGYO,2023/12,1BB,Diğer Alacaklar,Other Receivables,160163.0
SNGYO,2023/12,1BBA,Müşteri Sözleşmelerinden Doğan Varlıklar,nan,0.0
SNGYO,2023/12,1BC,Finansal Yatırımlar,Financial Investments,0.0
SNGYO,2023/12,1BD,Özkaynak Yöntemiyle Değerlenen Yatırımlar,Investments with Equity Method,2086221.0
SNGYO,2023/12,1BE,Canlı Varlıklar,Long-Term Live Assets,0.0
SNGYO,2023/12,1BF,Yatırım Amaçlı Gayrimenkuller,Real Estate Investments,806485014.0
SNGYO,2023/12,1BFA,Stoklar,Stoklar,215113451.0
SNGYO,2023/12,1BFAA,Kullanım Hakkı Varlıkları,nan,1215202.0
SNGYO,2023/12,1BG,Maddi Duran Varlıklar,Tangible Fixed Assets,1654157.0
SNGYO,2023/12,1BGA,Şerefiye,Goodwill,0.0
SNGYO,2023/12,1BH,Maddi Olmayan Duran Varlıklar,Intangible Fixed Assets,202358.0
SNGYO,2023/12,1BJ,Ertelenmiş Vergi Varlığı,Long Term Deffered Tax Assets,0.0
SNGYO,2023/12,1BK,Diğer Duran Varlıklar,Other Long-Term Assets,245807054.0
SNGYO,2023/12,1BL,TOPLAM VARLIKLAR,TOTAL ASSETS,1602856920.0
SNGYO,2023/12,1BM,KAYNAKLAR,LIABILITIES,0.0
SNGYO,2023/12,2A,Kısa Vadeli Yükümlülükler,SHORT TERM LIABILITIES,62695843.0
SNGYO,2023/12,2AA,Finansal Borçlar,Short-Term Financial Loans,32524080.0
SNGYO,2023/12,2AAG,Diğer Finansal Yükümlülükler,Other Short-Term Financial Liabilities,0.0
SNGYO,2023/12,2AAGAA,Ticari Borçlar,Short-Term Trade Payables,4723291.0
SNGYO,2023/12,2AAGAB,Diğer Borçlar,Other Short-Term Loans,631175.0
SNGYO,2023/12,2AAGAC,Müşteri Söz. Doğan Yük.,nan,0.0
SNGYO,2023/12,2AAGB,Finans Sektörü Faaliyetlerinden Borçlar,Short-Term Loans from Financial Operations,0.0
SNGYO,2023/12,2AAGC,Devlet Teşvik ve Yardımları,Short-Term Government Promotions and Aids,0.0
SNGYO,2023/12,2AAGCA,Ertelenmiş Gelirler (Müşteri Söz. Doğan Yük. Dış.Kal.),nan,23175370.0
SNGYO,2023/12,2AAGD,Dönem Karı Vergi Yükümlülüğü,Taxation Liabilities on Income (-),0.0
SNGYO,2023/12,2AAGE,Borç Karşılıkları,Short-Term Provisions,638088.0
SNGYO,2023/12,2AAGF,Diğer Kısa Vadeli Yükümlülükler,Other Short-Term Liabilities,1003838.0
SNGYO,2023/12,2AAGG,(Ara Toplam),(Subtotal),62695843.0
SNGYO,2023/12,2AAGH,Satış Amaçlı Elde Tutulan Duran Varlıklara İlişkin Yükümlülükler,Liabilities on Assets to be Sold,0.0
SNGYO,2023/12,2B,Uzun Vadeli Yükümlülükler,LONG TERM LIABILITIES,294660770.0
SNGYO,2023/12,2BA,Finansal Borçlar,Long-Term Financial Loans,140335868.0
SNGYO,2023/12,2BB,Diğer Finansal Yükümlülükler,Other Short-Term Financial Liabilities,0.0
SNGYO,2023/12,2BBA,Ticari Borçlar,Long-Term Trade Payables,0.0
SNGYO,2023/12,2BBB,Diğer Borçlar,Other Long-Term Loans,4592064.0
SNGYO,2023/12,2BBBA,Müşteri Söz.Doğan Yük.,nan,0.0
SNGYO,2023/12,2BC,Finans Sektörü Faaliyetlerinden Borçlar,Long-Term Loans from Financial Operations,0.0
SNGYO,2023/12,2BD,Devlet Teşvik ve Yardımları,Long-Term Government Promotions and Aids,0.0
SNGYO,2023/12,2BDA,Ertelenmiş Gelirler (Müşteri Söz.Doğan Yük. Dış.Kal.),nan,149377141.0
SNGYO,2023/12,2BE,Uzun vadeli karşılıklar,Long-Term Provisions,355697.0
SNGYO,2023/12,2BF,Çalışanlara Sağlanan Faydalara İliş.Karş.,Provisions for Retirment Pay,0.0
SNGYO,2023/12,2BG,Ertelenmiş Vergi Yükümlülüğü,Deferred Tax Liabilities,0.0
SNGYO,2023/12,2BH,Diğer Uzun Vadeli Yükümlülükler,Other Long-Term Liabilities,0.0
SNGYO,2023/12,2N,Özkaynaklar,SHAREHOLDERS EQUITY,1245500308.0
SNGYO,2023/12,2O,Ana Ortaklığa Ait Özkaynaklar,Parent Shareholders Capital,1245500308.0
SNGYO,2023/12,2OA,Ödenmiş Sermaye,Share Capital,50862458.0
SNGYO,2023/12,2OC,Karşılıklı İştirak Sermayesi Düzeltmesi (-),Adjustments to Share Capital,0.0
SNGYO,2023/12,2OCA,Hisse Senedi İhraç Primleri,Premium in Excess of Par,83192762.0
SNGYO,2023/12,2OCB,Değer Artış Fonları,Market Value Surpluses,0.0
SNGYO,2023/12,2OCC,Yabancı Para Çevrim Farkları,FX Translation Differences,0.0
SNGYO,2023/12,2OCD,Kardan Ayrılan Kısıtlanmış Yedekler,Income Reserves,42875850.0
SNGYO,2023/12,2OCE,Geçmiş Yıllar Kar/Zararları,Retained Earnings /(Acc. Losses),416659079.0
SNGYO,2023/12,2OCF,Dönem Net Kar/Zararı,Current Year Income /(Losses),234511280.0
SNGYO,2023/12,2OD,Diğer Özsermaye Kalemleri,Other Sholders Equity Items,417398879.0
SNGYO,2023/12,2ODA,Azınlık Payları,Minority Interests,0.0
SNGYO,2023/12,2ODB,TOPLAM KAYNAKLAR,TOTAL LIABILITIES AND S.HOLDERS EQUITY,1602856920.0
SNGYO,2023/12,3B,Sürdürülen Faaliyetler,Continuing Operations,0.0
SNGYO,2023/12,3C,Satış Gelirleri,Net Sales,103084236.0
SNGYO,2023/12,3CA,Satışların Maliyeti (-),Cost Of Sales,-50441032.0
SNGYO,2023/12,3CAA,Ticari Faaliyetlerden Diğer Kar (Zarar),Other Profit (Loss) from Trade Operations,0.0
SNGYO,2023/12,3CAB,Ticari Faaliyetlerden Brüt Kar (Zarar),Gross Profit (Loss) from Trade Operations,52643205.0
SNGYO,2023/12,3CAC,"Faiz, Ücret, Prim, Komisyon ve Diğer Gelirler","Proceeds from Interest, Fee, Premium, Commission and Other",0.0
SNGYO,2023/12,3CAD,"Faiz, Ücret, Prim, Komisyon ve Diğer Giderler (-)","Expenses from Interest, Fee, Premium, Commission and Other",0.0
SNGYO,2023/12,3CAE,Finans Sektörü Faaliyetlerinden Diğer Kar (Zarar),Other Profit (Loss) from Financial Operations,0.0
SNGYO,2023/12,3CAF,Finans Sektörü Faaliyetlerinden Brüt Kar (Zarar),Gross Profit (Loss) from Financial Operations,0.0
SNGYO,2023/12,3CB,Diğer Gelir ve Giderler,Other Income (Expenses),0.0
SNGYO,2023/12,3D,BRÜT KAR (ZARAR),GROSS PROFIT (LOSS),52643205.0
SNGYO,2023/12,3DA,"Pazarlama, Satış ve Dağıtım Giderleri (-)",Marketing Selling & Distrib. Expenses (-),-12409672.0
SNGYO,2023/12,3DB,Genel Yönetim Giderleri (-),General Administrative Expenses (-),-12637729.0
SNGYO,2023/12,3DC,Araştırma ve Geliştirme Giderleri (-),Research & Development Expenses (-),0.0
SNGYO,2023/12,3DD,Diğer Faaliyet Gelirleri,Income from Other Operations,29748393.0
SNGYO,2023/12,3DE,Diğer Faaliyet Giderleri (-),Expenses from Other Operations (-),-9769387.0
SNGYO,2023/12,3DEA,Faaliyet Karı Öncesi Diğer Gelir ve Giderler,Other Income (Expenses) Before Operating Profits,167747415.0
SNGYO,2023/12,3DF,FAALİYET KARI (ZARARI),OPERATING PROFITS,215322226.0
SNGYO,2023/12,3H,Net Faaliyet Kar/Zararı,Net Operating Profits,195343219.0
SNGYO,2023/12,3HA,Yatırım Faaliyetlerinden Gelirler,nan,29151738.0
SNGYO,2023/12,3HAA,Yatırım Faaliyetlerinden Giderler (-),nan,0.0
SNGYO,2023/12,3HAB,Diğer Gelir ve Giderler,nan,0.0
SNGYO,2023/12,3HAC,Özkaynak Yöntemiyle Değerlenen Yatırımların Kar/Zararlarındaki Paylar,Profit (Loss) from Subsidiaries,637131.0
SNGYO,2023/12,3HACA,Finansman Gideri Öncesi Faaliyet Karı/Zararı,nan,245111095.0
SNGYO,2023/12,3HB,(Esas Faaliyet Dışı) Finansal Gelirler,Financial Income (from Other Operations),191426.0
SNGYO,2023/12,3HC,(Esas Faaliyet Dışı) Finansal Giderler (-),Financial Expenses (from Other Operations) (-),44939513.0
SNGYO,2023/12,3HCA,Vergi Öncesi Diğer Gelir ve Giderler,Other Income (Expenses) Before Tax,29151738.0
SNGYO,2023/12,3I,SÜRDÜRÜLEN FAALİYETLER VERGİ ÖNCESİ KARI (ZARARI),PROFIT BEFORE TAX FROM CONTINUING OPERATIONS,290242033.0
SNGYO,2023/12,3IA,Sürdürülen Faaliyetler Vergi Geliri (Gideri),Taxation on Continuing Operations,0.0
SNGYO,2023/12,3IB,Dönem Vergi Geliri (Gideri),Taxation on Income (Expenses),0.0
SNGYO,2023/12,3IC,Ertelenmiş Vergi Geliri (Gideri),Income (Expenses) of Deferred Tax,0.0
SNGYO,2023/12,3ID,Diğer Vergi Geliri (Gideri),Other Taxation Income (Expenses),0.0
SNGYO,2023/12,3J,SÜRDÜRÜLEN FAALİYETLER DÖNEM KARI/ZARARI,PROFIT FROM CONTINUING OPERATIONS,290242033.0
SNGYO,2023/12,3K,DURDURULAN FAALİYETLER,DISCONTINUED OPERATIONS,0.0
SNGYO,2023/12,3KA,Durdurulan Faaliyetler Vergi Sonrası Dönem Karı (Zararı),Profit After Taxes from Discontinued Operations,0.0
SNGYO,2023/12,3L,DÖNEM KARI (ZARARI),NET PROFIT AFTER TAXES,290242033.0
SNGYO,2023/12,3LA,Dönem Kar/Zararının Dağılımı,Distrubition of Profit (Loss),0.0
SNGYO,2023/12,3LB,Azınlık Payları,Minority Interests,0.0
SNGYO,2023/12,3Z,Ana Ortaklık Payları,Parent Shares,290242033.0
SNGYO,2023/12,3ZD,Hisse Başına Kazanç,Earnings per Share,0.0
SNGYO,2023/12,3ZE,Seyreltilmiş Hisse Başına Kazanç,Diluted Earnings per Share,0.0
SNGYO,2023/12,3ZF,Sürdürülen Faaliyetlerden Hisse Başına Kazanç,Earnings per Share from Continuing Operations,0.0
SNGYO,2023/12,3ZG,Sürdürülen Faaliyetlerden Seyreltilmiş Hisse Başına Kazanç,Earnings per Share from Discontinued Operations,0.0
SNGYO,2023/12,4B,Amortisman Giderleri,Depreciation & Amortization,431049.0
SNGYO,2023/12,4BA,Kıdem Tazminatı,Severance Payments,52878.0
SNGYO,2023/12,4BB,Finansman Giderleri,Financial Expenses,44939513.0
SNGYO,2023/12,4BC,Yurtiçi Satışlar,Domestic Sales,0.0
SNGYO,2023/12,4BD,Yurtdışı Satışlar,Export Sales,0.0
SNGYO,2023/12,4BE,Net Yabancı Para Pozisyonu,Net Fx Position,-66741412.0
SNGYO,2023/12,4BEA,Parasal net yabancı para varlık/(yükümlülük) pozisyonu,Parasal net yabancı para varlık/(yükümlülük) pozisyonu,-66741412.0
SNGYO,2023/12,4BEB,Net YPP (Hedge Dahil),Net YPP (Hedge Dahil),-66741412.0
SNGYO,2023/12,4C,İşletme Faaliyetlerinden Kaynaklanan Net Nakit,Net Cash from Operations,100695620.0
SNGYO,2023/12,4CA,Düzeltme Öncesi Kar,Earnings Before Adjustments,290242033.0
SNGYO,2023/12,4CAA,Düzeltmeler:,Adjustments:,-276258978.0
SNGYO,2023/12,4CAB,Amortisman & İtfa Payları,Depreciation & Amortisation,431049.0
SNGYO,2023/12,4CAC,Karşılıklardaki Değişim,Change in Provisions,377192.0
SNGYO,2023/12,4CAD,Diğer Gelir/ Gider,Other Income / Expense,1734873.0
SNGYO,2023/12,4CAE,İşletme Sermayesinde Değişikler Öncesi Faaliyet Karı (+),Operating Profit Before Changes in Working Capital (+),13983056.0
SNGYO,2023/12,4CAF,İşletme Sermayesindeki Değişiklikler,Change in Working Capital,87293356.0
SNGYO,2023/12,4CAG,Esas Faaliyet ile İlgili Oluşan Nakit (+),Cash from Core Operations (+),101276411.0
SNGYO,2023/12,4CAH,Diğer İşletme Faaliyetlerinden Nakit,Cash from Other Operations,-580791.0
SNGYO,2023/12,4CAI,Sabit Sermaye Yatırımları,Capital Expenditures (CapEx),-75416.0
SNGYO,2023/12,4CAJ,Diğer Yatırım Faaliyetlerinden Nakit,Cash from Other Investment Operations,33859888.0
SNGYO,2023/12,4CAK,Yatırım Faaliyetlerinden Kaynaklanan Nakit,Cash from Investment Operations,33784472.0
SNGYO,2023/12,4CB,Serbest Nakit Akım,Free Cash Flow,134480092.0
SNGYO,2023/12,4CBA,Finansal Borçlardaki Değişim,Change in Financial Debt,-93654894.0
SNGYO,2023/12,4CBB,Temettü Ödemeleri,Dividends Paid,0.0
SNGYO,2023/12,4CBC,Sermaye Artırımı,Rights Issue,0.0
SNGYO,2023/12,4CBD,Diğer Finansman Faaliyetlerinden Nakit,Cash from Other Financial Operations,-31523742.0
SNGYO,2023/12,4CBE,Finansman Faaliyetlerden Kaynaklanan Nakit,Cash from Financial Operations,-125178637.0
SNGYO,2023/12,4CBF,Yab. Para Çev. Fark. Etk. Önc.Nak.Ve Nak. Benz. Net Artış/Azalış,Cash Net Inc. / Dec. before For.Cur. Trans. Dif.,9301455.0
SNGYO,2023/12,4CBG,Yab.ı Para Çevrim Fark. Nakit Ve Nakit Benz. Üzerindeki Etkisi,Foreign Curr. Trans.Diff.Cash and Cash Benz. Imp.,-1523531.0
SNGYO,2023/12,4CBH,Diğer Nakit Girişi/Çıkışı,Other Cash Inflow/Outflow,0.0
SNGYO,2023/12,4CBI,Nakit ve Benzerlerindeki Değişim,Change in Cash & Cash Equivalents,7777924.0
SNGYO,2023/12,4CBJ,Diğer Nakit ve Nakit Benzerlerindeki Artış,Other Cash & Cash Equivalents Change,0.0
SNGYO,2023/12,4CBK,Dönem Başı Nakit Değerler,Cash at the beginning of the Quarter,2628363.0
SNGYO,2023/12,4CBL,Dönem Sonu Nakit,Cash at the End of the Quarter,10406287.0
SNGYO,2023/3,1A,Dönen Varlıklar,CURRENT ASSETS,117459693.0
SNGYO,2023/3,1AA,Nakit ve Nakit Benzerleri,Cash and Cash Equivalents,6906381.0
SNGYO,2023/3,1AB,Finansal Yatırımlar,Short-Term Financial Investments,0.0
SNGYO,2023/3,1AC,Ticari Alacaklar,Short-Term Trade Receivables,15910553.0
SNGYO,2023/3,1AD,Finans Sektörü Faaliyetlerinden Alacaklar,Short-Term Receivables from Financial Operations,0.0
SNGYO,2023/3,1AE,Diğer Alacaklar,Short-Term Other Receivables,445246.0
SNGYO,2023/3,1AEA,Müşteri Sözleşmelerinden Doğan Varlıklar,nan,0.0
SNGYO,2023/3,1AF,Stoklar,Inventories,71149026.0
SNGYO,2023/3,1AG,Canlı Varlıklar,Short-Term Live Assets,0.0
SNGYO,2023/3,1AH,Diğer Dönen Varlıklar,Other Current Assets,23048488.0
SNGYO,2023/3,1AI,(Ara Toplam),(Subtotal),117459693.0
SNGYO,2023/3,1AJ,Satış Amacıyla Elde Tutulan Duran Varlıklar,Assets to be Sold,0.0
SNGYO,2023/3,1AK,Duran Varlıklar,LONG TERM ASSETS,588417081.0
SNGYO,2023/3,1B,Ticari Alacaklar,Trade Receivables,1920482.0
SNGYO,2023/3,1BA,Finans Sektörü Faaliyetlerinden Alacaklar,Long-Term Receivables from Financial Operations,0.0
SNGYO,2023/3,1BB,Diğer Alacaklar,Other Receivables,68710.0
SNGYO,2023/3,1BBA,Müşteri Sözleşmelerinden Doğan Varlıklar,nan,0.0
SNGYO,2023/3,1BC,Finansal Yatırımlar,Financial Investments,0.0
SNGYO,2023/3,1BD,Özkaynak Yöntemiyle Değerlenen Yatırımlar,Investments with Equity Method,1016783.0
SNGYO,2023/3,1BE,Canlı Varlıklar,Long-Term Live Assets,0.0
SNGYO,2023/3,1BF,Yatırım Amaçlı Gayrimenkuller,Real Estate Investments,461374068.0
SNGYO,2023/3,1BFA,Stoklar,Stoklar,44934869.0
SNGYO,2023/3,1BFAA,Kullanım Hakkı Varlıkları,nan,629085.0
SNGYO,2023/3,1BG,Maddi Duran Varlıklar,Tangible Fixed Assets,715580.0
SNGYO,2023/3,1BGA,Şerefiye,Goodwill,0.0
SNGYO,2023/3,1BH,Maddi Olmayan Duran Varlıklar,Intangible Fixed Assets,43703.0
SNGYO,2023/3,1BJ,Ertelenmiş Vergi Varlığı,Long Term Deffered Tax Assets,0.0
SNGYO,2023/3,1BK,Diğer Duran Varlıklar,Other Long-Term Assets,77713801.0
SNGYO,2023/3,1BL,TOPLAM VARLIKLAR,TOTAL ASSETS,705876774.0
SNGYO,2023/3,1BM,KAYNAKLAR,LIABILITIES,0.0
SNGYO,2023/3,2A,Kısa Vadeli Yükümlülükler,SHORT TERM LIABILITIES,80624969.0
SNGYO,2023/3,2AA,Finansal Borçlar,Short-Term Financial Loans,58422969.0
SNGYO,2023/3,2AAG,Diğer Finansal Yükümlülükler,Other Short-Term Financial Liabilities,0.0
SNGYO,2023/3,2AAGAA,Ticari Borçlar,Short-Term Trade Payables,3968917.0
SNGYO,2023/3,2AAGAB,Diğer Borçlar,Other Short-Term Loans,675704.0
SNGYO,2023/3,2AAGAC,Müşteri Söz. Doğan Yük.,nan,0.0
SNGYO,2023/3,2AAGB,Finans Sektörü Faaliyetlerinden Borçlar,Short-Term Loans from Financial Operations,0.0
SNGYO,2023/3,2AAGC,Devlet Teşvik ve Yardımları,Short-Term Government Promotions and Aids,0.0
SNGYO,2023/3,2AAGCA,Ertelenmiş Gelirler (Müşteri Söz. Doğan Yük. Dış.Kal.),nan,16188559.0
SNGYO,2023/3,2AAGD,Dönem Karı Vergi Yükümlülüğü,Taxation Liabilities on Income (-),0.0
SNGYO,2023/3,2AAGE,Borç Karşılıkları,Short-Term Provisions,399936.0
SNGYO,2023/3,2AAGF,Diğer Kısa Vadeli Yükümlülükler,Other Short-Term Liabilities,968884.0
SNGYO,2023/3,2AAGG,(Ara Toplam),(Subtotal),80624969.0
SNGYO,2023/3,2AAGH,Satış Amaçlı Elde Tutulan Duran Varlıklara İlişkin Yükümlülükler,Liabilities on Assets to be Sold,0.0
SNGYO,2023/3,2B,Uzun Vadeli Yükümlülükler,LONG TERM LIABILITIES,233748398.0
SNGYO,2023/3,2BA,Finansal Borçlar,Long-Term Financial Loans,187234395.0
SNGYO,2023/3,2BB,Diğer Finansal Yükümlülükler,Other Short-Term Financial Liabilities,0.0
SNGYO,2023/3,2BBA,Ticari Borçlar,Long-Term Trade Payables,0.0
SNGYO,2023/3,2BBB,Diğer Borçlar,Other Long-Term Loans,3634568.0
SNGYO,2023/3,2BBBA,Müşteri Söz.Doğan Yük.,nan,0.0
SNGYO,2023/3,2BC,Finans Sektörü Faaliyetlerinden Borçlar,Long-Term Loans from Financial Operations,0.0
SNGYO,2023/3,2BD,Devlet Teşvik ve Yardımları,Long-Term Government Promotions and Aids,0.0
SNGYO,2023/3,2BDA,Ertelenmiş Gelirler (Müşteri Söz.Doğan Yük. Dış.Kal.),nan,42353060.0
SNGYO,2023/3,2BE,Uzun vadeli karşılıklar,Long-Term Provisions,526374.0
SNGYO,2023/3,2BF,Çalışanlara Sağlanan Faydalara İliş.Karş.,Provisions for Retirment Pay,0.0
SNGYO,2023/3,2BG,Ertelenmiş Vergi Yükümlülüğü,Deferred Tax Liabilities,0.0
SNGYO,2023/3,2BH,Diğer Uzun Vadeli Yükümlülükler,Other Long-Term Liabilities,0.0
SNGYO,2023/3,2N,Özkaynaklar,SHAREHOLDERS EQUITY,391503407.0
SNGYO,2023/3,2O,Ana Ortaklığa Ait Özkaynaklar,Parent Shareholders Capital,391503407.0
SNGYO,2023/3,2OA,Ödenmiş Sermaye,Share Capital,78174673.0
SNGYO,2023/3,2OC,Karşılıklı İştirak Sermayesi Düzeltmesi (-),Adjustments to Share Capital,0.0
SNGYO,2023/3,2OCA,Hisse Senedi İhraç Primleri,Premium in Excess of Par,28561564.0
SNGYO,2023/3,2OCB,Değer Artış Fonları,Market Value Surpluses,0.0
SNGYO,2023/3,2OCC,Yabancı Para Çevrim Farkları,FX Translation Differences,0.0
SNGYO,2023/3,2OCD,Kardan Ayrılan Kısıtlanmış Yedekler,Income Reserves,9609465.0
SNGYO,2023/3,2OCE,Geçmiş Yıllar Kar/Zararları,Retained Earnings /(Acc. Losses),285892213.0
SNGYO,2023/3,2OCF,Dönem Net Kar/Zararı,Current Year Income /(Losses),-2833828.0
SNGYO,2023/3,2OD,Diğer Özsermaye Kalemleri,Other Sholders Equity Items,-7900682.0
SNGYO,2023/3,2ODA,Azınlık Payları,Minority Interests,0.0
SNGYO,2023/3,2ODB,TOPLAM KAYNAKLAR,TOTAL LIABILITIES AND S.HOLDERS EQUITY,705876774.0
SNGYO,2023/3,3B,Sürdürülen Faaliyetler,Continuing Operations,0.0
SNGYO,2023/3,3C,Satış Gelirleri,Net Sales,10147503.0
SNGYO,2023/3,3CA,Satışların Maliyeti (-),Cost Of Sales,-3412624.0
SNGYO,2023/3,3CAA,Ticari Faaliyetlerden Diğer Kar (Zarar),Other Profit (Loss) from Trade Operations,0.0
SNGYO,2023/3,3CAB,Ticari Faaliyetlerden Brüt Kar (Zarar),Gross Profit (Loss) from Trade Operations,6734879.0
SNGYO,2023/3,3CAC,"Faiz, Ücret, Prim, Komisyon ve Diğer Gelirler","Proceeds from Interest, Fee, Premium, Commission and Other",0.0
SNGYO,2023/3,3CAD,"Faiz, Ücret, Prim, Komisyon ve Diğer Giderler (-)","Expenses from Interest, Fee, Premium, Commission and Other",0.0
SNGYO,2023/3,3CAE,Finans Sektörü Faaliyetlerinden Diğer Kar (Zarar),Other Profit (Loss) from Financial Operations,0.0
SNGYO,2023/3,3CAF,Finans Sektörü Faaliyetlerinden Brüt Kar (Zarar),Gross Profit (Loss) from Financial Operations,0.0
SNGYO,2023/3,3CB,Diğer Gelir ve Giderler,Other Income (Expenses),0.0
SNGYO,2023/3,3D,BRÜT KAR (ZARAR),GROSS PROFIT (LOSS),6734879.0
SNGYO,2023/3,3DA,"Pazarlama, Satış ve Dağıtım Giderleri (-)",Marketing Selling & Distrib. Expenses (-),-1700174.0
SNGYO,2023/3,3DB,Genel Yönetim Giderleri (-),General Administrative Expenses (-),-1738227.0
SNGYO,2023/3,3DC,Araştırma ve Geliştirme Giderleri (-),Research & Development Expenses (-),0.0
SNGYO,2023/3,3DD,Diğer Faaliyet Gelirleri,Income from Other Operations,-8103866.0
SNGYO,2023/3,3DE,Diğer Faaliyet Giderleri (-),Expenses from Other Operations (-),1363967.0
SNGYO,2023/3,3DEA,Faaliyet Karı Öncesi Diğer Gelir ve Giderler,Other Income (Expenses) Before Operating Profits,0.0
SNGYO,2023/3,3DF,FAALİYET KARI (ZARARI),OPERATING PROFITS,-3443421.0
SNGYO,2023/3,3H,Net Faaliyet Kar/Zararı,Net Operating Profits,3296478.0
SNGYO,2023/3,3HA,Yatırım Faaliyetlerinden Gelirler,nan,-16671679.0
SNGYO,2023/3,3HAA,Yatırım Faaliyetlerinden Giderler (-),nan,0.0
SNGYO,2023/3,3HAB,Diğer Gelir ve Giderler,nan,0.0
SNGYO,2023/3,3HAC,Özkaynak Yöntemiyle Değerlenen Yatırımların Kar/Zararlarındaki Paylar,Profit (Loss) from Subsidiaries,-4234.0
SNGYO,2023/3,3HACA,Finansman Gideri Öncesi Faaliyet Karı/Zararı,nan,-20119334.0
SNGYO,2023/3,3HB,(Esas Faaliyet Dışı) Finansal Gelirler,Financial Income (from Other Operations),-8264.0
SNGYO,2023/3,3HC,(Esas Faaliyet Dışı) Finansal Giderler (-),Financial Expenses (from Other Operations) (-),-5417251.0
SNGYO,2023/3,3HCA,Vergi Öncesi Diğer Gelir ve Giderler,Other Income (Expenses) Before Tax,-16671679.0
SNGYO,2023/3,3I,SÜRDÜRÜLEN FAALİYETLER VERGİ ÖNCESİ KARI (ZARARI),PROFIT BEFORE TAX FROM CONTINUING OPERATIONS,-25544850.0
SNGYO,2023/3,3IA,Sürdürülen Faaliyetler Vergi Geliri (Gideri),Taxation on Continuing Operations,0.0
SNGYO,2023/3,3IB,Dönem Vergi Geliri (Gideri),Taxation on Income (Expenses),0.0
SNGYO,2023/3,3IC,Ertelenmiş Vergi Geliri (Gideri),Income (Expenses) of Deferred Tax,0.0
SNGYO,2023/3,3ID,Diğer Vergi Geliri (Gideri),Other Taxation Income (Expenses),0.0
SNGYO,2023/3,3J,SÜRDÜRÜLEN FAALİYETLER DÖNEM KARI/ZARARI,PROFIT FROM CONTINUING OPERATIONS,-25544850.0
SNGYO,2023/3,3K,DURDURULAN FAALİYETLER,DISCONTINUED OPERATIONS,0.0
SNGYO,2023/3,3KA,Durdurulan Faaliyetler Vergi Sonrası Dönem Karı (Zararı),Profit After Taxes from Discontinued Operations,0.0
SNGYO,2023/3,3L,DÖNEM KARI (ZARARI),NET PROFIT AFTER TAXES,-25544850.0
SNGYO,2023/3,3LA,Dönem Kar/Zararının Dağılımı,Distrubition of Profit (Loss),0.0
SNGYO,2023/3,3LB,Azınlık Payları,Minority Interests,0.0
SNGYO,2023/3,3Z,Ana Ortaklık Payları,Parent Shares,-25544850.0
SNGYO,2023/3,3ZD,Hisse Başına Kazanç,Earnings per Share,0.0
SNGYO,2023/3,3ZE,Seyreltilmiş Hisse Başına Kazanç,Diluted Earnings per Share,0.0
SNGYO,2023/3,3ZF,Sürdürülen Faaliyetlerden Hisse Başına Kazanç,Earnings per Share from Continuing Operations,0.0
SNGYO,2023/3,3ZG,Sürdürülen Faaliyetlerden Seyreltilmiş Hisse Başına Kazanç,Earnings per Share from Discontinued Operations,0.0
SNGYO,2023/3,4B,Amortisman Giderleri,Depreciation & Amortization,337060.0
SNGYO,2023/3,4BA,Kıdem Tazminatı,Severance Payments,268284.0
SNGYO,2023/3,4BB,Finansman Giderleri,Financial Expenses,-5417251.0
SNGYO,2023/3,4BC,Yurtiçi Satışlar,Domestic Sales,0.0
SNGYO,2023/3,4BD,Yurtdışı Satışlar,Export Sales,0.0
SNGYO,2023/3,4BE,Net Yabancı Para Pozisyonu,Net Fx Position,-103472160.0
SNGYO,2023/3,4BEA,Parasal net yabancı para varlık/(yükümlülük) pozisyonu,Parasal net yabancı para varlık/(yükümlülük) pozisyonu,-103472160.0
SNGYO,2023/3,4BEB,Net YPP (Hedge Dahil),Net YPP (Hedge Dahil),-103472160.0
SNGYO,2023/3,4C,İşletme Faaliyetlerinden Kaynaklanan Net Nakit,Net Cash from Operations,-14856643.0
SNGYO,2023/3,4CA,Düzeltme Öncesi Kar,Earnings Before Adjustments,31958651.0
SNGYO,2023/3,4CAA,Düzeltmeler:,Adjustments:,-45789240.0
SNGYO,2023/3,4CAB,Amortisman & İtfa Payları,Depreciation & Amortisation,337060.0
SNGYO,2023/3,4CAC,Karşılıklardaki Değişim,Change in Provisions,268284.0
SNGYO,2023/3,4CAD,Diğer Gelir/ Gider,Other Income / Expense,-5959692.0
SNGYO,2023/3,4CAE,İşletme Sermayesinde Değişikler Öncesi Faaliyet Karı (+),Operating Profit Before Changes in Working Capital (+),-13830589.0
SNGYO,2023/3,4CAF,İşletme Sermayesindeki Değişiklikler,Change in Working Capital,-196788.0
SNGYO,2023/3,4CAG,Esas Faaliyet ile İlgili Oluşan Nakit (+),Cash from Core Operations (+),-14027377.0
SNGYO,2023/3,4CAH,Diğer İşletme Faaliyetlerinden Nakit,Cash from Other Operations,-829266.0
SNGYO,2023/3,4CAI,Sabit Sermaye Yatırımları,Capital Expenditures (CapEx),-42887.0
SNGYO,2023/3,4CAJ,Diğer Yatırım Faaliyetlerinden Nakit,Cash from Other Investment Operations,34991810.0
SNGYO,2023/3,4CAK,Yatırım Faaliyetlerinden Kaynaklanan Nakit,Cash from Investment Operations,34948923.0
SNGYO,2023/3,4CB,Serbest Nakit Akım,Free Cash Flow,20092280.0
SNGYO,2023/3,4CBA,Finansal Borçlardaki Değişim,Change in Financial Debt,3870338.0
SNGYO,2023/3,4CBB,Temettü Ödemeleri,Dividends Paid,0.0
SNGYO,2023/3,4CBC,Sermaye Artırımı,Rights Issue,0.0
SNGYO,2023/3,4CBD,Diğer Finansman Faaliyetlerinden Nakit,Cash from Other Financial Operations,-13537944.0
SNGYO,2023/3,4CBE,Finansman Faaliyetlerden Kaynaklanan Nakit,Cash from Financial Operations,-9667606.0
SNGYO,2023/3,4CBF,Yab. Para Çev. Fark. Etk. Önc.Nak.Ve Nak. Benz. Net Artış/Azalış,Cash Net Inc. / Dec. before For.Cur. Trans. Dif.,9176274.0
SNGYO,2023/3,4CBG,Yab.ı Para Çevrim Fark. Nakit Ve Nakit Benz. Üzerindeki Etkisi,Foreign Curr. Trans.Diff.Cash and Cash Benz. Imp.,0.0
SNGYO,2023/3,4CBH,Diğer Nakit Girişi/Çıkışı,Other Cash Inflow/Outflow,0.0
SNGYO,2023/3,4CBI,Nakit ve Benzerlerindeki Değişim,Change in Cash & Cash Equivalents,9176274.0
SNGYO,2023/3,4CBJ,Diğer Nakit ve Nakit Benzerlerindeki Artış,Other Cash & Cash Equivalents Change,0.0
SNGYO,2023/3,4CBK,Dönem Başı Nakit Değerler,Cash at the beginning of the Quarter,2641803.0
SNGYO,2023/3,4CBL,Dönem Sonu Nakit,Cash at the End of the Quarter,11818076.0
SNGYO,2023/6,1A,Dönen Varlıklar,CURRENT ASSETS,109111917.0
SNGYO,2023/6,1AA,Nakit ve Nakit Benzerleri,Cash and Cash Equivalents,1750188.0
SNGYO,2023/6,1AB,Finansal Yatırımlar,Short-Term Financial Investments,0.0
SNGYO,2023/6,1AC,Ticari Alacaklar,Short-Term Trade Receivables,30028143.0
SNGYO,2023/6,1AD,Finans Sektörü Faaliyetlerinden Alacaklar,Short-Term Receivables from Financial Operations,0.0
SNGYO,2023/6,1AE,Diğer Alacaklar,Short-Term Other Receivables,504898.0
SNGYO,2023/6,1AEA,Müşteri Sözleşmelerinden Doğan Varlıklar,nan,0.0
SNGYO,2023/6,1AF,Stoklar,Inventories,56801696.0
SNGYO,2023/6,1AG,Canlı Varlıklar,Short-Term Live Assets,0.0
SNGYO,2023/6,1AH,Diğer Dönen Varlıklar,Other Current Assets,20026991.0
SNGYO,2023/6,1AI,(Ara Toplam),(Subtotal),109111917.0
SNGYO,2023/6,1AJ,Satış Amacıyla Elde Tutulan Duran Varlıklar,Assets to be Sold,0.0
SNGYO,2023/6,1AK,Duran Varlıklar,LONG TERM ASSETS,429928066.0
SNGYO,2023/6,1B,Ticari Alacaklar,Trade Receivables,1331675.0
SNGYO,2023/6,1BA,Finans Sektörü Faaliyetlerinden Alacaklar,Long-Term Receivables from Financial Operations,0.0
SNGYO,2023/6,1BB,Diğer Alacaklar,Other Receivables,50741.0
SNGYO,2023/6,1BBA,Müşteri Sözleşmelerinden Doğan Varlıklar,nan,0.0
SNGYO,2023/6,1BC,Finansal Yatırımlar,Financial Investments,0.0
SNGYO,2023/6,1BD,Özkaynak Yöntemiyle Değerlenen Yatırımlar,Investments with Equity Method,753785.0
SNGYO,2023/6,1BE,Canlı Varlıklar,Long-Term Live Assets,0.0
SNGYO,2023/6,1BF,Yatırım Amaçlı Gayrimenkuller,Real Estate Investments,338847449.0
SNGYO,2023/6,1BFA,Stoklar,Stoklar,33328744.0
SNGYO,2023/6,1BFAA,Kullanım Hakkı Varlıkları,nan,409556.0
SNGYO,2023/6,1BG,Maddi Duran Varlıklar,Tangible Fixed Assets,540336.0
SNGYO,2023/6,1BGA,Şerefiye,Goodwill,0.0
SNGYO,2023/6,1BH,Maddi Olmayan Duran Varlıklar,Intangible Fixed Assets,30643.0
SNGYO,2023/6,1BJ,Ertelenmiş Vergi Varlığı,Long Term Deffered Tax Assets,0.0
SNGYO,2023/6,1BK,Diğer Duran Varlıklar,Other Long-Term Assets,54635136.0
SNGYO,2023/6,1BL,TOPLAM VARLIKLAR,TOTAL ASSETS,539039984.0
SNGYO,2023/6,1BM,KAYNAKLAR,LIABILITIES,0.0
SNGYO,2023/6,2A,Kısa Vadeli Yükümlülükler,SHORT TERM LIABILITIES,63422874.0
SNGYO,2023/6,2AA,Finansal Borçlar,Short-Term Financial Loans,39710625.0
SNGYO,2023/6,2AAG,Diğer Finansal Yükümlülükler,Other Short-Term Financial Liabilities,0.0
SNGYO,2023/6,2AAGAA,Ticari Borçlar,Short-Term Trade Payables,2586521.0
SNGYO,2023/6,2AAGAB,Diğer Borçlar,Other Short-Term Loans,502679.0
SNGYO,2023/6,2AAGAC,Müşteri Söz. Doğan Yük.,nan,0.0
SNGYO,2023/6,2AAGB,Finans Sektörü Faaliyetlerinden Borçlar,Short-Term Loans from Financial Operations,0.0
SNGYO,2023/6,2AAGC,Devlet Teşvik ve Yardımları,Short-Term Government Promotions and Aids,0.0
SNGYO,2023/6,2AAGCA,Ertelenmiş Gelirler (Müşteri Söz. Doğan Yük. Dış.Kal.),nan,19477974.0
SNGYO,2023/6,2AAGD,Dönem Karı Vergi Yükümlülüğü,Taxation Liabilities on Income (-),0.0
SNGYO,2023/6,2AAGE,Borç Karşılıkları,Short-Term Provisions,430854.0
SNGYO,2023/6,2AAGF,Diğer Kısa Vadeli Yükümlülükler,Other Short-Term Liabilities,714222.0
SNGYO,2023/6,2AAGG,(Ara Toplam),(Subtotal),63422874.0
SNGYO,2023/6,2AAGH,Satış Amaçlı Elde Tutulan Duran Varlıklara İlişkin Yükümlülükler,Liabilities on Assets to be Sold,0.0
SNGYO,2023/6,2B,Uzun Vadeli Yükümlülükler,LONG TERM LIABILITIES,182769662.0
SNGYO,2023/6,2BA,Finansal Borçlar,Long-Term Financial Loans,114254036.0
SNGYO,2023/6,2BB,Diğer Finansal Yükümlülükler,Other Short-Term Financial Liabilities,0.0
SNGYO,2023/6,2BBA,Ticari Borçlar,Long-Term Trade Payables,0.0
SNGYO,2023/6,2BBB,Diğer Borçlar,Other Long-Term Loans,2895484.0
SNGYO,2023/6,2BBBA,Müşteri Söz.Doğan Yük.,nan,0.0
SNGYO,2023/6,2BC,Finans Sektörü Faaliyetlerinden Borçlar,Long-Term Loans from Financial Operations,0.0
SNGYO,2023/6,2BD,Devlet Teşvik ve Yardımları,Long-Term Government Promotions and Aids,0.0
SNGYO,2023/6,2BDA,Ertelenmiş Gelirler (Müşteri Söz.Doğan Yük. Dış.Kal.),nan,65264106.0
SNGYO,2023/6,2BE,Uzun vadeli karşılıklar,Long-Term Provisions,356037.0
SNGYO,2023/6,2BF,Çalışanlara Sağlanan Faydalara İliş.Karş.,Provisions for Retirment Pay,0.0
SNGYO,2023/6,2BG,Ertelenmiş Vergi Yükümlülüğü,Deferred Tax Liabilities,0.0
SNGYO,2023/6,2BH,Diğer Uzun Vadeli Yükümlülükler,Other Long-Term Liabilities,0.0
SNGYO,2023/6,2N,Özkaynaklar,SHAREHOLDERS EQUITY,292847447.0
SNGYO,2023/6,2O,Ana Ortaklığa Ait Özkaynaklar,Parent Shareholders Capital,292847447.0
SNGYO,2023/6,2OA,Ödenmiş Sermaye,Share Capital,57983115.0
SNGYO,2023/6,2OC,Karşılıklı İştirak Sermayesi Düzeltmesi (-),Adjustments to Share Capital,0.0
SNGYO,2023/6,2OCA,Hisse Senedi İhraç Primleri,Premium in Excess of Par,21184463.0
SNGYO,2023/6,2OCB,Değer Artış Fonları,Market Value Surpluses,0.0
SNGYO,2023/6,2OCC,Yabancı Para Çevrim Farkları,FX Translation Differences,0.0
SNGYO,2023/6,2OCD,Kardan Ayrılan Kısıtlanmış Yedekler,Income Reserves,7127458.0
SNGYO,2023/6,2OCE,Geçmiş Yıllar Kar/Zararları,Retained Earnings /(Acc. Losses),212049765.0
SNGYO,2023/6,2OCF,Dönem Net Kar/Zararı,Current Year Income /(Losses),311653.0
SNGYO,2023/6,2OD,Diğer Özsermaye Kalemleri,Other Sholders Equity Items,-5809008.0
SNGYO,2023/6,2ODA,Azınlık Payları,Minority Interests,0.0
SNGYO,2023/6,2ODB,TOPLAM KAYNAKLAR,TOTAL LIABILITIES AND S.HOLDERS EQUITY,539039984.0
SNGYO,2023/6,3B,Sürdürülen Faaliyetler,Continuing Operations,0.0
SNGYO,2023/6,3C,Satış Gelirleri,Net Sales,22283633.0
SNGYO,2023/6,3CA,Satışların Maliyeti (-),Cost Of Sales,-11428240.0
SNGYO,2023/6,3CAA,Ticari Faaliyetlerden Diğer Kar (Zarar),Other Profit (Loss) from Trade Operations,0.0
SNGYO,2023/6,3CAB,Ticari Faaliyetlerden Brüt Kar (Zarar),Gross Profit (Loss) from Trade Operations,10855393.0
SNGYO,2023/6,3CAC,"Faiz, Ücret, Prim, Komisyon ve Diğer Gelirler","Proceeds from Interest, Fee, Premium, Commission and Other",0.0
SNGYO,2023/6,3CAD,"Faiz, Ücret, Prim, Komisyon ve Diğer Giderler (-)","Expenses from Interest, Fee, Premium, Commission and Other",0.0
SNGYO,2023/6,3CAE,Finans Sektörü Faaliyetlerinden Diğer Kar (Zarar),Other Profit (Loss) from Financial Operations,0.0
SNGYO,2023/6,3CAF,Finans Sektörü Faaliyetlerinden Brüt Kar (Zarar),Gross Profit (Loss) from Financial Operations,0.0
SNGYO,2023/6,3CB,Diğer Gelir ve Giderler,Other Income (Expenses),0.0
SNGYO,2023/6,3D,BRÜT KAR (ZARAR),GROSS PROFIT (LOSS),10855393.0
SNGYO,2023/6,3DA,"Pazarlama, Satış ve Dağıtım Giderleri (-)",Marketing Selling & Distrib. Expenses (-),-2086825.0
SNGYO,2023/6,3DB,Genel Yönetim Giderleri (-),General Administrative Expenses (-),-3014908.0
SNGYO,2023/6,3DC,Araştırma ve Geliştirme Giderleri (-),Research & Development Expenses (-),0.0
SNGYO,2023/6,3DD,Diğer Faaliyet Gelirleri,Income from Other Operations,824518.0
SNGYO,2023/6,3DE,Diğer Faaliyet Giderleri (-),Expenses from Other Operations (-),-35306.0
SNGYO,2023/6,3DEA,Faaliyet Karı Öncesi Diğer Gelir ve Giderler,Other Income (Expenses) Before Operating Profits,0.0
SNGYO,2023/6,3DF,FAALİYET KARI (ZARARI),OPERATING PROFITS,6542872.0
SNGYO,2023/6,3H,Net Faaliyet Kar/Zararı,Net Operating Profits,5753661.0
SNGYO,2023/6,3HA,Yatırım Faaliyetlerinden Gelirler,nan,0.0
SNGYO,2023/6,3HAA,Yatırım Faaliyetlerinden Giderler (-),nan,0.0
SNGYO,2023/6,3HAB,Diğer Gelir ve Giderler,nan,0.0
SNGYO,2023/6,3HAC,Özkaynak Yöntemiyle Değerlenen Yatırımların Kar/Zararlarındaki Paylar,Profit (Loss) from Subsidiaries,-3988.0
SNGYO,2023/6,3HACA,Finansman Gideri Öncesi Faaliyet Karı/Zararı,nan,6538884.0
SNGYO,2023/6,3HB,(Esas Faaliyet Dışı) Finansal Gelirler,Financial Income (from Other Operations),-7886.0
SNGYO,2023/6,3HC,(Esas Faaliyet Dışı) Finansal Giderler (-),Financial Expenses (from Other Operations) (-),-31337719.0
SNGYO,2023/6,3HCA,Vergi Öncesi Diğer Gelir ve Giderler,Other Income (Expenses) Before Tax,0.0
SNGYO,2023/6,3I,SÜRDÜRÜLEN FAALİYETLER VERGİ ÖNCESİ KARI (ZARARI),PROFIT BEFORE TAX FROM CONTINUING OPERATIONS,-24806721.0
SNGYO,2023/6,3IA,Sürdürülen Faaliyetler Vergi Geliri (Gideri),Taxation on Continuing Operations,0.0
SNGYO,2023/6,3IB,Dönem Vergi Geliri (Gideri),Taxation on Income (Expenses),0.0
SNGYO,2023/6,3IC,Ertelenmiş Vergi Geliri (Gideri),Income (Expenses) of Deferred Tax,0.0
SNGYO,2023/6,3ID,Diğer Vergi Geliri (Gideri),Other Taxation Income (Expenses),0.0
SNGYO,2023/6,3J,SÜRDÜRÜLEN FAALİYETLER DÖNEM KARI/ZARARI,PROFIT FROM CONTINUING OPERATIONS,-24806721.0
SNGYO,2023/6,3K,DURDURULAN FAALİYETLER,DISCONTINUED OPERATIONS,0.0
SNGYO,2023/6,3KA,Durdurulan Faaliyetler Vergi Sonrası Dönem Karı (Zararı),Profit After Taxes from Discontinued Operations,0.0
SNGYO,2023/6,3L,DÖNEM KARI (ZARARI),NET PROFIT AFTER TAXES,-24806721.0
SNGYO,2023/6,3LA,Dönem Kar/Zararının Dağılımı,Distrubition of Profit (Loss),0.0
SNGYO,2023/6,3LB,Azınlık Payları,Minority Interests,0.0
SNGYO,2023/6,3Z,Ana Ortaklık Payları,Parent Shares,-24806721.0
SNGYO,2023/6,3ZD,Hisse Başına Kazanç,Earnings per Share,0.0
SNGYO,2023/6,3ZE,Seyreltilmiş Hisse Başına Kazanç,Diluted Earnings per Share,0.0
SNGYO,2023/6,3ZF,Sürdürülen Faaliyetlerden Hisse Başına Kazanç,Earnings per Share from Continuing Operations,0.0
SNGYO,2023/6,3ZG,Sürdürülen Faaliyetlerden Seyreltilmiş Hisse Başına Kazanç,Earnings per Share from Discontinued Operations,0.0
SNGYO,2023/6,4B,Amortisman Giderleri,Depreciation & Amortization,697300.0
SNGYO,2023/6,4BA,Kıdem Tazminatı,Severance Payments,555018.0
SNGYO,2023/6,4BB,Finansman Giderleri,Financial Expenses,-31337719.0
SNGYO,2023/6,4BC,Yurtiçi Satışlar,Domestic Sales,0.0
SNGYO,2023/6,4BD,Yurtdışı Satışlar,Export Sales,0.0
SNGYO,2023/6,4BE,Net Yabancı Para Pozisyonu,Net Fx Position,-78651123.0
SNGYO,2023/6,4BEA,Parasal net yabancı para varlık/(yükümlülük) pozisyonu,Parasal net yabancı para varlık/(yükümlülük) pozisyonu,-78651123.0
SNGYO,2023/6,4BEB,Net YPP (Hedge Dahil),Net YPP (Hedge Dahil),-78651123.0
SNGYO,2023/6,4C,İşletme Faaliyetlerinden Kaynaklanan Net Nakit,Net Cash from Operations,119614768.0
SNGYO,2023/6,4CA,Düzeltme Öncesi Kar,Earnings Before Adjustments,32625468.0
SNGYO,2023/6,4CAA,Düzeltmeler:,Adjustments:,33702987.0
SNGYO,2023/6,4CAB,Amortisman & İtfa Payları,Depreciation & Amortisation,697300.0
SNGYO,2023/6,4CAC,Karşılıklardaki Değişim,Change in Provisions,555018.0
SNGYO,2023/6,4CAD,Diğer Gelir/ Gider,Other Income / Expense,-8905964.0
SNGYO,2023/6,4CAE,İşletme Sermayesinde Değişikler Öncesi Faaliyet Karı (+),Operating Profit Before Changes in Working Capital (+),66328455.0
SNGYO,2023/6,4CAF,İşletme Sermayesindeki Değişiklikler,Change in Working Capital,54247029.0
SNGYO,2023/6,4CAG,Esas Faaliyet ile İlgili Oluşan Nakit (+),Cash from Core Operations (+),120575483.0
SNGYO,2023/6,4CAH,Diğer İşletme Faaliyetlerinden Nakit,Cash from Other Operations,-960716.0
SNGYO,2023/6,4CAI,Sabit Sermaye Yatırımları,Capital Expenditures (CapEx),-49685.0
SNGYO,2023/6,4CAJ,Diğer Yatırım Faaliyetlerinden Nakit,Cash from Other Investment Operations,48821649.0
SNGYO,2023/6,4CAK,Yatırım Faaliyetlerinden Kaynaklanan Nakit,Cash from Investment Operations,48771964.0
SNGYO,2023/6,4CB,Serbest Nakit Akım,Free Cash Flow,168386732.0
SNGYO,2023/6,4CBA,Finansal Borçlardaki Değişim,Change in Financial Debt,-133280980.0
SNGYO,2023/6,4CBB,Temettü Ödemeleri,Dividends Paid,0.0
SNGYO,2023/6,4CBC,Sermaye Artırımı,Rights Issue,0.0
SNGYO,2023/6,4CBD,Diğer Finansman Faaliyetlerinden Nakit,Cash from Other Financial Operations,-32774476.0
SNGYO,2023/6,4CBE,Finansman Faaliyetlerden Kaynaklanan Nakit,Cash from Financial Operations,-166055456.0
SNGYO,2023/6,4CBF,Yab. Para Çev. Fark. Etk. Önc.Nak.Ve Nak. Benz. Net Artış/Azalış,Cash Net Inc. / Dec. before For.Cur. Trans. Dif.,2331276.0
SNGYO,2023/6,4CBG,Yab.ı Para Çevrim Fark. Nakit Ve Nakit Benz. Üzerindeki Etkisi,Foreign Curr. Trans.Diff.Cash and Cash Benz. Imp.,0.0
SNGYO,2023/6,4CBH,Diğer Nakit Girişi/Çıkışı,Other Cash Inflow/Outflow,0.0
SNGYO,2023/6,4CBI,Nakit ve Benzerlerindeki Değişim,Change in Cash & Cash Equivalents,2331276.0
SNGYO,2023/6,4CBJ,Diğer Nakit ve Nakit Benzerlerindeki Artış,Other Cash & Cash Equivalents Change,0.0
SNGYO,2023/6,4CBK,Dönem Başı Nakit Değerler,Cash at the beginning of the Quarter,2732645.0
SNGYO,2023/6,4CBL,Dönem Sonu Nakit,Cash at the End of the Quarter,3923753.0
SNGYO,2023/9,1A,Dönen Varlıklar,CURRENT ASSETS,111242896.0
SNGYO,2023/9,1AA,Nakit ve Nakit Benzerleri,Cash and Cash Equivalents,5695253.0
SNGYO,2023/9,1AB,Finansal Yatırımlar,Short-Term Financial Investments,0.0
SNGYO,2023/9,1AC,Ticari Alacaklar,Short-Term Trade Receivables,24873430.0
SNGYO,2023/9,1AD,Finans Sektörü Faaliyetlerinden Alacaklar,Short-Term Receivables from Financial Operations,0.0
SNGYO,2023/9,1AE,Diğer Alacaklar,Short-Term Other Receivables,476415.0
SNGYO,2023/9,1AEA,Müşteri Sözleşmelerinden Doğan Varlıklar,nan,0.0
SNGYO,2023/9,1AF,Stoklar,Inventories,57077523.0
SNGYO,2023/9,1AG,Canlı Varlıklar,Short-Term Live Assets,0.0
SNGYO,2023/9,1AH,Diğer Dönen Varlıklar,Other Current Assets,23120275.0
SNGYO,2023/9,1AI,(Ara Toplam),(Subtotal),111242896.0
SNGYO,2023/9,1AJ,Satış Amacıyla Elde Tutulan Duran Varlıklar,Assets to be Sold,0.0
SNGYO,2023/9,1AK,Duran Varlıklar,LONG TERM ASSETS,402971174.0
SNGYO,2023/9,1B,Ticari Alacaklar,Trade Receivables,909571.0
SNGYO,2023/9,1BA,Finans Sektörü Faaliyetlerinden Alacaklar,Long-Term Receivables from Financial Operations,0.0
SNGYO,2023/9,1BB,Diğer Alacaklar,Other Receivables,144102.0
SNGYO,2023/9,1BBA,Müşteri Sözleşmelerinden Doğan Varlıklar,nan,0.0
SNGYO,2023/9,1BC,Finansal Yatırımlar,Financial Investments,0.0
SNGYO,2023/9,1BD,Özkaynak Yöntemiyle Değerlenen Yatırımlar,Investments with Equity Method,981724.0
SNGYO,2023/9,1BE,Canlı Varlıklar,Long-Term Live Assets,0.0
SNGYO,2023/9,1BF,Yatırım Amaçlı Gayrimenkuller,Real Estate Investments,317135017.0
SNGYO,2023/9,1BFA,Stoklar,Stoklar,31437369.0
SNGYO,2023/9,1BFAA,Kullanım Hakkı Varlıkları,nan,295896.0
SNGYO,2023/9,1BG,Maddi Duran Varlıklar,Tangible Fixed Assets,499993.0
SNGYO,2023/9,1BGA,Şerefiye,Goodwill,0.0
SNGYO,2023/9,1BH,Maddi Olmayan Duran Varlıklar,Intangible Fixed Assets,35636.0
SNGYO,2023/9,1BJ,Ertelenmiş Vergi Varlığı,Long Term Deffered Tax Assets,0.0
SNGYO,2023/9,1BK,Diğer Duran Varlıklar,Other Long-Term Assets,51531866.0
SNGYO,2023/9,1BL,TOPLAM VARLIKLAR,TOTAL ASSETS,514214069.0
SNGYO,2023/9,1BM,KAYNAKLAR,LIABILITIES,0.0
SNGYO,2023/9,2A,Kısa Vadeli Yükümlülükler,SHORT TERM LIABILITIES,53631737.0
SNGYO,2023/9,2AA,Finansal Borçlar,Short-Term Financial Loans,37212521.0
SNGYO,2023/9,2AAG,Diğer Finansal Yükümlülükler,Other Short-Term Financial Liabilities,0.0
SNGYO,2023/9,2AAGAA,Ticari Borçlar,Short-Term Trade Payables,2813830.0
SNGYO,2023/9,2AAGAB,Diğer Borçlar,Other Short-Term Loans,470625.0
SNGYO,2023/9,2AAGAC,Müşteri Söz. Doğan Yük.,nan,0.0
SNGYO,2023/9,2AAGB,Finans Sektörü Faaliyetlerinden Borçlar,Short-Term Loans from Financial Operations,0.0
SNGYO,2023/9,2AAGC,Devlet Teşvik ve Yardımları,Short-Term Government Promotions and Aids,0.0
SNGYO,2023/9,2AAGCA,Ertelenmiş Gelirler (Müşteri Söz. Doğan Yük. Dış.Kal.),nan,12214172.0
SNGYO,2023/9,2AAGD,Dönem Karı Vergi Yükümlülüğü,Taxation Liabilities on Income (-),0.0
SNGYO,2023/9,2AAGE,Borç Karşılıkları,Short-Term Provisions,353350.0
SNGYO,2023/9,2AAGF,Diğer Kısa Vadeli Yükümlülükler,Other Short-Term Liabilities,567240.0
SNGYO,2023/9,2AAGG,(Ara Toplam),(Subtotal),53631737.0
SNGYO,2023/9,2AAGH,Satış Amaçlı Elde Tutulan Duran Varlıklara İlişkin Yükümlülükler,Liabilities on Assets to be Sold,0.0
SNGYO,2023/9,2B,Uzun Vadeli Yükümlülükler,LONG TERM LIABILITIES,176331178.0
SNGYO,2023/9,2BA,Finansal Borçlar,Long-Term Financial Loans,107479760.0
SNGYO,2023/9,2BB,Diğer Finansal Yükümlülükler,Other Short-Term Financial Liabilities,0.0
SNGYO,2023/9,2BBA,Ticari Borçlar,Long-Term Trade Payables,0.0
SNGYO,2023/9,2BBB,Diğer Borçlar,Other Long-Term Loans,2826917.0
SNGYO,2023/9,2BBBA,Müşteri Söz.Doğan Yük.,nan,0.0
SNGYO,2023/9,2BC,Finans Sektörü Faaliyetlerinden Borçlar,Long-Term Loans from Financial Operations,0.0
SNGYO,2023/9,2BD,Devlet Teşvik ve Yardımları,Long-Term Government Promotions and Aids,0.0
SNGYO,2023/9,2BDA,Ertelenmiş Gelirler (Müşteri Söz.Doğan Yük. Dış.Kal.),nan,65700686.0
SNGYO,2023/9,2BE,Uzun vadeli karşılıklar,Long-Term Provisions,323815.0
SNGYO,2023/9,2BF,Çalışanlara Sağlanan Faydalara İliş.Karş.,Provisions for Retirment Pay,0.0
SNGYO,2023/9,2BG,Ertelenmiş Vergi Yükümlülüğü,Deferred Tax Liabilities,0.0
SNGYO,2023/9,2BH,Diğer Uzun Vadeli Yükümlülükler,Other Long-Term Liabilities,0.0
SNGYO,2023/9,2N,Özkaynaklar,SHAREHOLDERS EQUITY,284251155.0
SNGYO,2023/9,2O,Ana Ortaklığa Ait Özkaynaklar,Parent Shareholders Capital,284251155.0
SNGYO,2023/9,2OA,Ödenmiş Sermaye,Share Capital,54692627.0
SNGYO,2023/9,2OC,Karşılıklı İştirak Sermayesi Düzeltmesi (-),Adjustments to Share Capital,0.0
SNGYO,2023/9,2OCA,Hisse Senedi İhraç Primleri,Premium in Excess of Par,19982264.0
SNGYO,2023/9,2OCB,Değer Artış Fonları,Market Value Surpluses,0.0
SNGYO,2023/9,2OCC,Yabancı Para Çevrim Farkları,FX Translation Differences,0.0
SNGYO,2023/9,2OCD,Kardan Ayrılan Kısıtlanmış Yedekler,Income Reserves,6722982.0
SNGYO,2023/9,2OCE,Geçmiş Yıllar Kar/Zararları,Retained Earnings /(Acc. Losses),200016138.0
SNGYO,2023/9,2OCF,Dönem Net Kar/Zararı,Current Year Income /(Losses),8293119.0
SNGYO,2023/9,2OD,Diğer Özsermaye Kalemleri,Other Sholders Equity Items,-5455977.0
SNGYO,2023/9,2ODA,Azınlık Payları,Minority Interests,0.0
SNGYO,2023/9,2ODB,TOPLAM KAYNAKLAR,TOTAL LIABILITIES AND S.HOLDERS EQUITY,514214069.0
SNGYO,2023/9,3B,Sürdürülen Faaliyetler,Continuing Operations,0.0
SNGYO,2023/9,3C,Satış Gelirleri,Net Sales,85217354.0
SNGYO,2023/9,3CA,Satışların Maliyeti (-),Cost Of Sales,-38059609.0
SNGYO,2023/9,3CAA,Ticari Faaliyetlerden Diğer Kar (Zarar),Other Profit (Loss) from Trade Operations,0.0
SNGYO,2023/9,3CAB,Ticari Faaliyetlerden Brüt Kar (Zarar),Gross Profit (Loss) from Trade Operations,47157744.0
SNGYO,2023/9,3CAC,"Faiz, Ücret, Prim, Komisyon ve Diğer Gelirler","Proceeds from Interest, Fee, Premium, Commission and Other",0.0
SNGYO,2023/9,3CAD,"Faiz, Ücret, Prim, Komisyon ve Diğer Giderler (-)","Expenses from Interest, Fee, Premium, Commission and Other",0.0
SNGYO,2023/9,3CAE,Finans Sektörü Faaliyetlerinden Diğer Kar (Zarar),Other Profit (Loss) from Financial Operations,0.0
SNGYO,2023/9,3CAF,Finans Sektörü Faaliyetlerinden Brüt Kar (Zarar),Gross Profit (Loss) from Financial Operations,0.0
SNGYO,2023/9,3CB,Diğer Gelir ve Giderler,Other Income (Expenses),0.0
SNGYO,2023/9,3D,BRÜT KAR (ZARAR),GROSS PROFIT (LOSS),47157744.0
SNGYO,2023/9,3DA,"Pazarlama, Satış ve Dağıtım Giderleri (-)",Marketing Selling & Distrib. Expenses (-),-9457044.0
SNGYO,2023/9,3DB,Genel Yönetim Giderleri (-),General Administrative Expenses (-),-7016449.0
SNGYO,2023/9,3DC,Araştırma ve Geliştirme Giderleri (-),Research & Development Expenses (-),0.0
SNGYO,2023/9,3DD,Diğer Faaliyet Gelirleri,Income from Other Operations,17359496.0
SNGYO,2023/9,3DE,Diğer Faaliyet Giderleri (-),Expenses from Other Operations (-),-9736749.0
SNGYO,2023/9,3DEA,Faaliyet Karı Öncesi Diğer Gelir ve Giderler,Other Income (Expenses) Before Operating Profits,0.0
SNGYO,2023/9,3DF,FAALİYET KARI (ZARARI),OPERATING PROFITS,38306998.0
SNGYO,2023/9,3H,Net Faaliyet Kar/Zararı,Net Operating Profits,30684251.0
SNGYO,2023/9,3HA,Yatırım Faaliyetlerinden Gelirler,nan,32376726.0
SNGYO,2023/9,3HAA,Yatırım Faaliyetlerinden Giderler (-),nan,-3365.0
SNGYO,2023/9,3HAB,Diğer Gelir ve Giderler,nan,0.0
SNGYO,2023/9,3HAC,Özkaynak Yöntemiyle Değerlenen Yatırımların Kar/Zararlarındaki Paylar,Profit (Loss) from Subsidiaries,-11694.0
SNGYO,2023/9,3HACA,Finansman Gideri Öncesi Faaliyet Karı/Zararı,nan,70668665.0
SNGYO,2023/9,3HB,(Esas Faaliyet Dışı) Finansal Gelirler,Financial Income (from Other Operations),82153.0
SNGYO,2023/9,3HC,(Esas Faaliyet Dışı) Finansal Giderler (-),Financial Expenses (from Other Operations) (-),-6024536.0
SNGYO,2023/9,3HCA,Vergi Öncesi Diğer Gelir ve Giderler,Other Income (Expenses) Before Tax,32373361.0
SNGYO,2023/9,3I,SÜRDÜRÜLEN FAALİYETLER VERGİ ÖNCESİ KARI (ZARARI),PROFIT BEFORE TAX FROM CONTINUING OPERATIONS,64726281.0
SNGYO,2023/9,3IA,Sürdürülen Faaliyetler Vergi Geliri (Gideri),Taxation on Continuing Operations,0.0
SNGYO,2023/9,3IB,Dönem Vergi Geliri (Gideri),Taxation on Income (Expenses),0.0
SNGYO,2023/9,3IC,Ertelenmiş Vergi Geliri (Gideri),Income (Expenses) of Deferred Tax,0.0
SNGYO,2023/9,3ID,Diğer Vergi Geliri (Gideri),Other Taxation Income (Expenses),0.0
SNGYO,2023/9,3J,SÜRDÜRÜLEN FAALİYETLER DÖNEM KARI/ZARARI,PROFIT FROM CONTINUING OPERATIONS,64726281.0
SNGYO,2023/9,3K,DURDURULAN FAALİYETLER,DISCONTINUED OPERATIONS,0.0
SNGYO,2023/9,3KA,Durdurulan Faaliyetler Vergi Sonrası Dönem Karı (Zararı),Profit After Taxes from Discontinued Operations,0.0
SNGYO,2023/9,3L,DÖNEM KARI (ZARARI),NET PROFIT AFTER TAXES,64726281.0
SNGYO,2023/9,3LA,Dönem Kar/Zararının Dağılımı,Distrubition of Profit (Loss),0.0
SNGYO,2023/9,3LB,Azınlık Payları,Minority Interests,0.0
SNGYO,2023/9,3Z,Ana Ortaklık Payları,Parent Shares,64726281.0
SNGYO,2023/9,3ZD,Hisse Başına Kazanç,Earnings per Share,0.0
SNGYO,2023/9,3ZE,Seyreltilmiş Hisse Başına Kazanç,Diluted Earnings per Share,0.0
SNGYO,2023/9,3ZF,Sürdürülen Faaliyetlerden Hisse Başına Kazanç,Earnings per Share from Continuing Operations,0.0
SNGYO,2023/9,3ZG,Sürdürülen Faaliyetlerden Seyreltilmiş Hisse Başına Kazanç,Earnings per Share from Discontinued Operations,0.0
SNGYO,2023/9,4B,Amortisman Giderleri,Depreciation & Amortization,462691.0
SNGYO,2023/9,4BA,Kıdem Tazminatı,Severance Payments,404881.0
SNGYO,2023/9,4BB,Finansman Giderleri,Financial Expenses,-6024536.0
SNGYO,2023/9,4BC,Yurtiçi Satışlar,Domestic Sales,0.0
SNGYO,2023/9,4BD,Yurtdışı Satışlar,Export Sales,0.0
SNGYO,2023/9,4BE,Net Yabancı Para Pozisyonu,Net Fx Position,-66365120.0
SNGYO,2023/9,4BEA,Parasal net yabancı para varlık/(yükümlülük) pozisyonu,Parasal net yabancı para varlık/(yükümlülük) pozisyonu,-66365120.0
SNGYO,2023/9,4BEB,Net YPP (Hedge Dahil),Net YPP (Hedge Dahil),-66365120.0
SNGYO,2023/9,4C,İşletme Faaliyetlerinden Kaynaklanan Net Nakit,Net Cash from Operations,99500665.0
SNGYO,2023/9,4CA,Düzeltme Öncesi Kar,Earnings Before Adjustments,64726281.0
SNGYO,2023/9,4CAA,Düzeltmeler:,Adjustments:,-52775144.0
SNGYO,2023/9,4CAB,Amortisman & İtfa Payları,Depreciation & Amortisation,462691.0
SNGYO,2023/9,4CAC,Karşılıklardaki Değişim,Change in Provisions,404881.0
SNGYO,2023/9,4CAD,Diğer Gelir/ Gider,Other Income / Expense,-523645.0
SNGYO,2023/9,4CAE,İşletme Sermayesinde Değişikler Öncesi Faaliyet Karı (+),Operating Profit Before Changes in Working Capital (+),11951137.0
SNGYO,2023/9,4CAF,İşletme Sermayesindeki Değişiklikler,Change in Working Capital,87549527.0
SNGYO,2023/9,4CAG,Esas Faaliyet ile İlgili Oluşan Nakit (+),Cash from Core Operations (+),99500665.0
SNGYO,2023/9,4CAH,Diğer İşletme Faaliyetlerinden Nakit,Cash from Other Operations,0.0
SNGYO,2023/9,4CAI,Sabit Sermaye Yatırımları,Capital Expenditures (CapEx),-80952.0
SNGYO,2023/9,4CAJ,Diğer Yatırım Faaliyetlerinden Nakit,Cash from Other Investment Operations,36345475.0
SNGYO,2023/9,4CAK,Yatırım Faaliyetlerinden Kaynaklanan Nakit,Cash from Investment Operations,36264523.0
SNGYO,2023/9,4CB,Serbest Nakit Akım,Free Cash Flow,135765188.0
SNGYO,2023/9,4CBA,Finansal Borçlardaki Değişim,Change in Financial Debt,-94598593.0
SNGYO,2023/9,4CBB,Temettü Ödemeleri,Dividends Paid,0.0
SNGYO,2023/9,4CBC,Sermaye Artırımı,Rights Issue,0.0
SNGYO,2023/9,4CBD,Diğer Finansman Faaliyetlerinden Nakit,Cash from Other Financial Operations,-31841386.0
SNGYO,2023/9,4CBE,Finansman Faaliyetlerden Kaynaklanan Nakit,Cash from Financial Operations,-126439979.0
SNGYO,2023/9,4CBF,Yab. Para Çev. Fark. Etk. Önc.Nak.Ve Nak. Benz. Net Artış/Azalış,Cash Net Inc. / Dec. before For.Cur. Trans. Dif.,9325209.0
SNGYO,2023/9,4CBG,Yab.ı Para Çevrim Fark. Nakit Ve Nakit Benz. Üzerindeki Etkisi,Foreign Curr. Trans.Diff.Cash and Cash Benz. Imp.,0.0
SNGYO,2023/9,4CBH,Diğer Nakit Girişi/Çıkışı,Other Cash Inflow/Outflow,0.0
SNGYO,2023/9,4CBI,Nakit ve Benzerlerindeki Değişim,Change in Cash & Cash Equivalents,9325209.0
SNGYO,2023/9,4CBJ,Diğer Nakit ve Nakit Benzerlerindeki Artış,Other Cash & Cash Equivalents Change,0.0
SNGYO,2023/9,4CBK,Dönem Başı Nakit Değerler,Cash at the beginning of the Quarter,2654847.0
SNGYO,2023/9,4CBL,Dönem Sonu Nakit,Cash at the End of the Quarter,10511144.0
SNGYO,2024/12,1A,Dönen Varlıklar,CURRENT ASSETS,291329372.0
SNGYO,2024/12,1AA,Nakit ve Nakit Benzerleri,Cash and Cash Equivalents,3438223.0
SNGYO,2024/12,1AB,Finansal Yatırımlar,Short-Term Financial Investments,0.0
SNGYO,2024/12,1AC,Ticari Alacaklar,Short-Term Trade Receivables,40486811.0
SNGYO,2024/12,1AD,Finans Sektörü Faaliyetlerinden Alacaklar,Short-Term Receivables from Financial Operations,0.0
SNGYO,2024/12,1AE,Diğer Alacaklar,Short-Term Other Receivables,193132.0
SNGYO,2024/12,1AEA,Müşteri Sözleşmelerinden Doğan Varlıklar,nan,0.0
SNGYO,2024/12,1AF,Stoklar,Inventories,213354226.0
SNGYO,2024/12,1AG,Canlı Varlıklar,Short-Term Live Assets,0.0
SNGYO,2024/12,1AH,Diğer Dönen Varlıklar,Other Current Assets,33856980.0
SNGYO,2024/12,1AI,(Ara Toplam),(Subtotal),291329372.0
SNGYO,2024/12,1AJ,Satış Amacıyla Elde Tutulan Duran Varlıklar,Assets to be Sold,0.0
SNGYO,2024/12,1AK,Duran Varlıklar,LONG TERM ASSETS,1340522221.0
SNGYO,2024/12,1B,Ticari Alacaklar,Trade Receivables,0.0
SNGYO,2024/12,1BA,Finans Sektörü Faaliyetlerinden Alacaklar,Long-Term Receivables from Financial Operations,0.0
SNGYO,2024/12,1BB,Diğer Alacaklar,Other Receivables,117467.0
SNGYO,2024/12,1BBA,Müşteri Sözleşmelerinden Doğan Varlıklar,nan,0.0
SNGYO,2024/12,1BC,Finansal Yatırımlar,Financial Investments,0.0
SNGYO,2024/12,1BD,Özkaynak Yöntemiyle Değerlenen Yatırımlar,Investments with Equity Method,3602202.0
SNGYO,2024/12,1BE,Canlı Varlıklar,Long-Term Live Assets,0.0
SNGYO,2024/12,1BF,Yatırım Amaçlı Gayrimenkuller,Real Estate Investments,725187690.0
SNGYO,2024/12,1BFA,Stoklar,Stoklar,351586964.0
SNGYO,2024/12,1BFAA,Kullanım Hakkı Varlıkları,nan,1081056.0
SNGYO,2024/12,1BG,Maddi Duran Varlıklar,Tangible Fixed Assets,1524948.0
SNGYO,2024/12,1BGA,Şerefiye,Goodwill,0.0
SNGYO,2024/12,1BH,Maddi Olmayan Duran Varlıklar,Intangible Fixed Assets,168423.0
SNGYO,2024/12,1BJ,Ertelenmiş Vergi Varlığı,Long Term Deffered Tax Assets,0.0
SNGYO,2024/12,1BK,Diğer Duran Varlıklar,Other Long-Term Assets,257253471.0
SNGYO,2024/12,1BL,TOPLAM VARLIKLAR,TOTAL ASSETS,1631851593.0
SNGYO,2024/12,1BM,KAYNAKLAR,LIABILITIES,0.0
SNGYO,2024/12,2A,Kısa Vadeli Yükümlülükler,SHORT TERM LIABILITIES,69238077.0
SNGYO,2024/12,2AA,Finansal Borçlar,Short-Term Financial Loans,25759237.0
SNGYO,2024/12,2AAG,Diğer Finansal Yükümlülükler,Other Short-Term Financial Liabilities,0.0
SNGYO,2024/12,2AAGAA,Ticari Borçlar,Short-Term Trade Payables,20591624.0
SNGYO,2024/12,2AAGAB,Diğer Borçlar,Other Short-Term Loans,550065.0
SNGYO,2024/12,2AAGAC,Müşteri Söz. Doğan Yük.,nan,0.0
SNGYO,2024/12,2AAGB,Finans Sektörü Faaliyetlerinden Borçlar,Short-Term Loans from Financial Operations,0.0
SNGYO,2024/12,2AAGC,Devlet Teşvik ve Yardımları,Short-Term Government Promotions and Aids,0.0
SNGYO,2024/12,2AAGCA,Ertelenmiş Gelirler (Müşteri Söz. Doğan Yük. Dış.Kal.),nan,20278333.0
SNGYO,2024/12,2AAGD,Dönem Karı Vergi Yükümlülüğü,Taxation Liabilities on Income (-),0.0
SNGYO,2024/12,2AAGE,Borç Karşılıkları,Short-Term Provisions,794417.0
SNGYO,2024/12,2AAGF,Diğer Kısa Vadeli Yükümlülükler,Other Short-Term Liabilities,1264402.0
SNGYO,2024/12,2AAGG,(Ara Toplam),(Subtotal),69238077.0
SNGYO,2024/12,2AAGH,Satış Amaçlı Elde Tutulan Duran Varlıklara İlişkin Yükümlülükler,Liabilities on Assets to be Sold,0.0
SNGYO,2024/12,2B,Uzun Vadeli Yükümlülükler,LONG TERM LIABILITIES,286555235.0
SNGYO,2024/12,2BA,Finansal Borçlar,Long-Term Financial Loans,128645960.0
SNGYO,2024/12,2BB,Diğer Finansal Yükümlülükler,Other Short-Term Financial Liabilities,0.0
SNGYO,2024/12,2BBA,Ticari Borçlar,Long-Term Trade Payables,0.0
SNGYO,2024/12,2BBB,Diğer Borçlar,Other Long-Term Loans,3759913.0
SNGYO,2024/12,2BBBA,Müşteri Söz.Doğan Yük.,nan,0.0
SNGYO,2024/12,2BC,Finans Sektörü Faaliyetlerinden Borçlar,Long-Term Loans from Financial Operations,0.0
SNGYO,2024/12,2BD,Devlet Teşvik ve Yardımları,Long-Term Government Promotions and Aids,0.0
SNGYO,2024/12,2BDA,Ertelenmiş Gelirler (Müşteri Söz.Doğan Yük. Dış.Kal.),nan,62724472.0
SNGYO,2024/12,2BE,Uzun vadeli karşılıklar,Long-Term Provisions,532553.0
SNGYO,2024/12,2BF,Çalışanlara Sağlanan Faydalara İliş.Karş.,Provisions for Retirment Pay,0.0
SNGYO,2024/12,2BG,Ertelenmiş Vergi Yükümlülüğü,Deferred Tax Liabilities,90892338.0
SNGYO,2024/12,2BH,Diğer Uzun Vadeli Yükümlülükler,Other Long-Term Liabilities,0.0
SNGYO,2024/12,2N,Özkaynaklar,SHAREHOLDERS EQUITY,1276058281.0
SNGYO,2024/12,2O,Ana Ortaklığa Ait Özkaynaklar,Parent Shareholders Capital,1276058281.0
SNGYO,2024/12,2OA,Ödenmiş Sermaye,Share Capital,113174022.0
SNGYO,2024/12,2OC,Karşılıklı İştirak Sermayesi Düzeltmesi (-),Adjustments to Share Capital,0.0
SNGYO,2024/12,2OCA,Hisse Senedi İhraç Primleri,Premium in Excess of Par,87069533.0
SNGYO,2024/12,2OCB,Değer Artış Fonları,Market Value Surpluses,0.0
SNGYO,2024/12,2OCC,Yabancı Para Çevrim Farkları,FX Translation Differences,0.0
SNGYO,2024/12,2OCD,Kardan Ayrılan Kısıtlanmış Yedekler,Income Reserves,49093350.0
SNGYO,2024/12,2OCE,Geçmiş Yıllar Kar/Zararları,Retained Earnings /(Acc. Losses),542857261.0
SNGYO,2024/12,2OCF,Dönem Net Kar/Zararı,Current Year Income /(Losses),17406049.0
SNGYO,2024/12,2OD,Diğer Özsermaye Kalemleri,Other Sholders Equity Items,437678379.0
SNGYO,2024/12,2ODA,Azınlık Payları,Minority Interests,0.0
SNGYO,2024/12,2ODB,TOPLAM KAYNAKLAR,TOTAL LIABILITIES AND S.HOLDERS EQUITY,1631851593.0
SNGYO,2024/12,3B,Sürdürülen Faaliyetler,Continuing Operations,0.0
SNGYO,2024/12,3C,Satış Gelirleri,Net Sales,130566477.0
SNGYO,2024/12,3CA,Satışların Maliyeti (-),Cost Of Sales,-93387835.0
SNGYO,2024/12,3CAA,Ticari Faaliyetlerden Diğer Kar (Zarar),Other Profit (Loss) from Trade Operations,0.0
SNGYO,2024/12,3CAB,Ticari Faaliyetlerden Brüt Kar (Zarar),Gross Profit (Loss) from Trade Operations,37178642.0
SNGYO,2024/12,3CAC,"Faiz, Ücret, Prim, Komisyon ve Diğer Gelirler","Proceeds from Interest, Fee, Premium, Commission and Other",0.0
SNGYO,2024/12,3CAD,"Faiz, Ücret, Prim, Komisyon ve Diğer Giderler (-)","Expenses from Interest, Fee, Premium, Commission and Other",0.0
SNGYO,2024/12,3CAE,Finans Sektörü Faaliyetlerinden Diğer Kar (Zarar),Other Profit (Loss) from Financial Operations,0.0
SNGYO,2024/12,3CAF,Finans Sektörü Faaliyetlerinden Brüt Kar (Zarar),Gross Profit (Loss) from Financial Operations,0.0
SNGYO,2024/12,3CB,Diğer Gelir ve Giderler,Other Income (Expenses),0.0
SNGYO,2024/12,3D,BRÜT KAR (ZARAR),GROSS PROFIT (LOSS),37178642.0
SNGYO,2024/12,3DA,"Pazarlama, Satış ve Dağıtım Giderleri (-)",Marketing Selling & Distrib. Expenses (-),-8676749.0
SNGYO,2024/12,3DB,Genel Yönetim Giderleri (-),General Administrative Expenses (-),-13913901.0
SNGYO,2024/12,3DC,Araştırma ve Geliştirme Giderleri (-),Research & Development Expenses (-),0.0
SNGYO,2024/12,3DD,Diğer Faaliyet Gelirleri,Income from Other Operations,14182269.0
SNGYO,2024/12,3DE,Diğer Faaliyet Giderleri (-),Expenses from Other Operations (-),-2400821.0
SNGYO,2024/12,3DEA,Faaliyet Karı Öncesi Diğer Gelir ve Giderler,Other Income (Expenses) Before Operating Profits,-25910854.0
SNGYO,2024/12,3DF,FAALİYET KARI (ZARARI),OPERATING PROFITS,458586.0
SNGYO,2024/12,3H,Net Faaliyet Kar/Zararı,Net Operating Profits,-11322862.0
SNGYO,2024/12,3HA,Yatırım Faaliyetlerinden Gelirler,nan,0.0
SNGYO,2024/12,3HAA,Yatırım Faaliyetlerinden Giderler (-),nan,0.0
SNGYO,2024/12,3HAB,Diğer Gelir ve Giderler,nan,0.0
SNGYO,2024/12,3HAC,Özkaynak Yöntemiyle Değerlenen Yatırımların Kar/Zararlarındaki Paylar,Profit (Loss) from Subsidiaries,2785015.0
SNGYO,2024/12,3HACA,Finansman Gideri Öncesi Faaliyet Karı/Zararı,nan,3243601.0
SNGYO,2024/12,3HB,(Esas Faaliyet Dışı) Finansal Gelirler,Financial Income (from Other Operations),348723.0
SNGYO,2024/12,3HC,(Esas Faaliyet Dışı) Finansal Giderler (-),Financial Expenses (from Other Operations) (-),64711535.0
SNGYO,2024/12,3HCA,Vergi Öncesi Diğer Gelir ve Giderler,Other Income (Expenses) Before Tax,0.0
SNGYO,2024/12,3I,SÜRDÜRÜLEN FAALİYETLER VERGİ ÖNCESİ KARI (ZARARI),PROFIT BEFORE TAX FROM CONTINUING OPERATIONS,68303858.0
SNGYO,2024/12,3IA,Sürdürülen Faaliyetler Vergi Geliri (Gideri),Taxation on Continuing Operations,-49589660.0
SNGYO,2024/12,3IB,Dönem Vergi Geliri (Gideri),Taxation on Income (Expenses),0.0
SNGYO,2024/12,3IC,Ertelenmiş Vergi Geliri (Gideri),Income (Expenses) of Deferred Tax,-49589660.0
SNGYO,2024/12,3ID,Diğer Vergi Geliri (Gideri),Other Taxation Income (Expenses),0.0
SNGYO,2024/12,3J,SÜRDÜRÜLEN FAALİYETLER DÖNEM KARI/ZARARI,PROFIT FROM CONTINUING OPERATIONS,18714198.0
SNGYO,2024/12,3KA,Durdurulan Faaliyetler Vergi Sonrası Dönem Karı (Zararı),Profit After Taxes from Discontinued Operations,0.0
SNGYO,2024/12,3L,DÖNEM KARI (ZARARI),NET PROFIT AFTER TAXES,18714198.0
SNGYO,2024/12,3LB,Azınlık Payları,Minority Interests,0.0
SNGYO,2024/12,3Z,Ana Ortaklık Payları,Parent Shares,18714198.0
SNGYO,2024/12,3ZD,Hisse Başına Kazanç,Earnings per Share,0.0
SNGYO,2024/12,3ZE,Seyreltilmiş Hisse Başına Kazanç,Diluted Earnings per Share,0.0
SNGYO,2024/12,3ZF,Sürdürülen Faaliyetlerden Hisse Başına Kazanç,Earnings per Share from Continuing Operations,0.0
SNGYO,2024/12,3ZG,Sürdürülen Faaliyetlerden Seyreltilmiş Hisse Başına Kazanç,Earnings per Share from Discontinued Operations,0.0
SNGYO,2024/12,4B,Amortisman Giderleri,Depreciation & Amortization,752749.0
SNGYO,2024/12,4BA,Kıdem Tazminatı,Severance Payments,98392.0
SNGYO,2024/12,4BB,Finansman Giderleri,Financial Expenses,64711535.0
SNGYO,2024/12,4BC,Yurtiçi Satışlar,Domestic Sales,0.0
SNGYO,2024/12,4BD,Yurtdışı Satışlar,Export Sales,0.0
SNGYO,2024/12,4BE,Net Yabancı Para Pozisyonu,Net Fx Position,-80857694.0
SNGYO,2024/12,4BEA,Parasal net yabancı para varlık/(yükümlülük) pozisyonu,Parasal net yabancı para varlık/(yükümlülük) pozisyonu,-80857694.0
SNGYO,2024/12,4BEB,Net YPP (Hedge Dahil),Net YPP (Hedge Dahil),-80857694.0
SNGYO,2024/12,4C,İşletme Faaliyetlerinden Kaynaklanan Net Nakit,Net Cash from Operations,70736371.0
SNGYO,2024/12,4CA,Düzeltme Öncesi Kar,Earnings Before Adjustments,18714198.0
SNGYO,2024/12,4CAA,Düzeltmeler:,Adjustments:,229466292.0
SNGYO,2024/12,4CAB,Amortisman & İtfa Payları,Depreciation & Amortisation,752749.0
SNGYO,2024/12,4CAC,Karşılıklardaki Değişim,Change in Provisions,78717.0
SNGYO,2024/12,4CAD,Diğer Gelir/ Gider,Other Income / Expense,125589098.0
SNGYO,2024/12,4CAE,İşletme Sermayesinde Değişikler Öncesi Faaliyet Karı (+),Operating Profit Before Changes in Working Capital (+),248180490.0
SNGYO,2024/12,4CAF,İşletme Sermayesindeki Değişiklikler,Change in Working Capital,-177369550.0
SNGYO,2024/12,4CAG,Esas Faaliyet ile İlgili Oluşan Nakit (+),Cash from Core Operations (+),70810940.0
SNGYO,2024/12,4CAH,Diğer İşletme Faaliyetlerinden Nakit,Cash from Other Operations,-74570.0
SNGYO,2024/12,4CAI,Sabit Sermaye Yatırımları,Capital Expenditures (CapEx),-278053.0
SNGYO,2024/12,4CAJ,Diğer Yatırım Faaliyetlerinden Nakit,Cash from Other Investment Operations,-2371386.0
SNGYO,2024/12,4CAK,Yatırım Faaliyetlerinden Kaynaklanan Nakit,Cash from Investment Operations,-2649440.0
SNGYO,2024/12,4CB,Serbest Nakit Akım,Free Cash Flow,68086931.0
SNGYO,2024/12,4CBA,Finansal Borçlardaki Değişim,Change in Financial Debt,-21305410.0
SNGYO,2024/12,4CBB,Temettü Ödemeleri,Dividends Paid,0.0
SNGYO,2024/12,4CBC,Sermaye Artırımı,Rights Issue,0.0
SNGYO,2024/12,4CBD,Diğer Finansman Faaliyetlerinden Nakit,Cash from Other Financial Operations,-52873600.0
SNGYO,2024/12,4CBE,Finansman Faaliyetlerden Kaynaklanan Nakit,Cash from Financial Operations,-74179010.0
SNGYO,2024/12,4CBF,Yab. Para Çev. Fark. Etk. Önc.Nak.Ve Nak. Benz. Net Artış/Azalış,Cash Net Inc. / Dec. before For.Cur. Trans. Dif.,-6092079.0
SNGYO,2024/12,4CBG,Yab.ı Para Çevrim Fark. Nakit Ve Nakit Benz. Üzerindeki Etkisi,Foreign Curr. Trans.Diff.Cash and Cash Benz. Imp.,-4344105.0
SNGYO,2024/12,4CBH,Diğer Nakit Girişi/Çıkışı,Other Cash Inflow/Outflow,0.0
SNGYO,2024/12,4CBI,Nakit ve Benzerlerindeki Değişim,Change in Cash & Cash Equivalents,-10436184.0
SNGYO,2024/12,4CBJ,Diğer Nakit ve Nakit Benzerlerindeki Artış,Other Cash & Cash Equivalents Change,0.0
SNGYO,2024/12,4CBK,Dönem Başı Nakit Değerler,Cash at the beginning of the Quarter,14132806.0
SNGYO,2024/12,4CBL,Dönem Sonu Nakit,Cash at the End of the Quarter,3696622.0
SNGYO,2024/3,1A,Dönen Varlıklar,CURRENT ASSETS,200220812.0
SNGYO,2024/3,1AA,Nakit ve Nakit Benzerleri,Cash and Cash Equivalents,651167.0
SNGYO,2024/3,1AB,Finansal Yatırımlar,Short-Term Financial Investments,0.0
SNGYO,2024/3,1AC,Ticari Alacaklar,Short-Term Trade Receivables,7295099.0
SNGYO,2024/3,1AD,Finans Sektörü Faaliyetlerinden Alacaklar,Short-Term Receivables from Financial Operations,0.0
SNGYO,2024/3,1AE,Diğer Alacaklar,Short-Term Other Receivables,12749836.0
SNGYO,2024/3,1AEA,Müşteri Sözleşmelerinden Doğan Varlıklar,nan,0.0
SNGYO,2024/3,1AF,Stoklar,Inventories,153324931.0
SNGYO,2024/3,1AG,Canlı Varlıklar,Short-Term Live Assets,0.0
SNGYO,2024/3,1AH,Diğer Dönen Varlıklar,Other Current Assets,26199779.0
SNGYO,2024/3,1AI,(Ara Toplam),(Subtotal),200220812.0
SNGYO,2024/3,1AJ,Satış Amacıyla Elde Tutulan Duran Varlıklar,Assets to be Sold,0.0
SNGYO,2024/3,1AK,Duran Varlıklar,LONG TERM ASSETS,924907403.0
SNGYO,2024/3,1B,Ticari Alacaklar,Trade Receivables,0.0
SNGYO,2024/3,1BA,Finans Sektörü Faaliyetlerinden Alacaklar,Long-Term Receivables from Financial Operations,0.0
SNGYO,2024/3,1BB,Diğer Alacaklar,Other Receivables,102087.0
SNGYO,2024/3,1BBA,Müşteri Sözleşmelerinden Doğan Varlıklar,nan,0.0
SNGYO,2024/3,1BC,Finansal Yatırımlar,Financial Investments,0.0
SNGYO,2024/3,1BD,Özkaynak Yöntemiyle Değerlenen Yatırımlar,Investments with Equity Method,1699397.0
SNGYO,2024/3,1BE,Canlı Varlıklar,Long-Term Live Assets,0.0
SNGYO,2024/3,1BF,Yatırım Amaçlı Gayrimenkuller,Real Estate Investments,586052557.0
SNGYO,2024/3,1BFA,Stoklar,Stoklar,156317583.0
SNGYO,2024/3,1BFAA,Kullanım Hakkı Varlıkları,nan,838904.0
SNGYO,2024/3,1BG,Maddi Duran Varlıklar,Tangible Fixed Assets,1136494.0
SNGYO,2024/3,1BGA,Şerefiye,Goodwill,0.0
SNGYO,2024/3,1BH,Maddi Olmayan Duran Varlıklar,Intangible Fixed Assets,138537.0
SNGYO,2024/3,1BJ,Ertelenmiş Vergi Varlığı,Long Term Deffered Tax Assets,0.0
SNGYO,2024/3,1BK,Diğer Duran Varlıklar,Other Long-Term Assets,178621844.0
SNGYO,2024/3,1BL,TOPLAM VARLIKLAR,TOTAL ASSETS,1125128215.0
SNGYO,2024/3,1BM,KAYNAKLAR,LIABILITIES,0.0
SNGYO,2024/3,2A,Kısa Vadeli Yükümlülükler,SHORT TERM LIABILITIES,41566364.0
SNGYO,2024/3,2AA,Finansal Borçlar,Short-Term Financial Loans,20567306.0
SNGYO,2024/3,2AAG,Diğer Finansal Yükümlülükler,Other Short-Term Financial Liabilities,0.0
SNGYO,2024/3,2AAGAA,Ticari Borçlar,Short-Term Trade Payables,4844980.0
SNGYO,2024/3,2AAGAB,Diğer Borçlar,Other Short-Term Loans,398021.0
SNGYO,2024/3,2AAGAC,Müşteri Söz. Doğan Yük.,nan,0.0
SNGYO,2024/3,2AAGB,Finans Sektörü Faaliyetlerinden Borçlar,Short-Term Loans from Financial Operations,0.0
SNGYO,2024/3,2AAGC,Devlet Teşvik ve Yardımları,Short-Term Government Promotions and Aids,0.0
SNGYO,2024/3,2AAGCA,Ertelenmiş Gelirler (Müşteri Söz. Doğan Yük. Dış.Kal.),nan,14366178.0
SNGYO,2024/3,2AAGD,Dönem Karı Vergi Yükümlülüğü,Taxation Liabilities on Income (-),0.0
SNGYO,2024/3,2AAGE,Borç Karşılıkları,Short-Term Provisions,538399.0
SNGYO,2024/3,2AAGF,Diğer Kısa Vadeli Yükümlülükler,Other Short-Term Liabilities,851480.0
SNGYO,2024/3,2AAGG,(Ara Toplam),(Subtotal),41566364.0
SNGYO,2024/3,2AAGH,Satış Amaçlı Elde Tutulan Duran Varlıklara İlişkin Yükümlülükler,Liabilities on Assets to be Sold,0.0
SNGYO,2024/3,2B,Uzun Vadeli Yükümlülükler,LONG TERM LIABILITIES,163319291.0
SNGYO,2024/3,2BA,Finansal Borçlar,Long-Term Financial Loans,87638355.0
SNGYO,2024/3,2BB,Diğer Finansal Yükümlülükler,Other Short-Term Financial Liabilities,0.0
SNGYO,2024/3,2BBA,Ticari Borçlar,Long-Term Trade Payables,0.0
SNGYO,2024/3,2BBB,Diğer Borçlar,Other Long-Term Loans,2945103.0
SNGYO,2024/3,2BBBA,Müşteri Söz.Doğan Yük.,nan,257580.0
SNGYO,2024/3,2BC,Finans Sektörü Faaliyetlerinden Borçlar,Long-Term Loans from Financial Operations,0.0
SNGYO,2024/3,2BD,Devlet Teşvik ve Yardımları,Long-Term Government Promotions and Aids,0.0
SNGYO,2024/3,2BDA,Ertelenmiş Gelirler (Müşteri Söz.Doğan Yük. Dış.Kal.),nan,72255377.0
SNGYO,2024/3,2BE,Uzun vadeli karşılıklar,Long-Term Provisions,222876.0
SNGYO,2024/3,2BF,Çalışanlara Sağlanan Faydalara İliş.Karş.,Provisions for Retirment Pay,0.0
SNGYO,2024/3,2BG,Ertelenmiş Vergi Yükümlülüğü,Deferred Tax Liabilities,0.0
SNGYO,2024/3,2BH,Diğer Uzun Vadeli Yükümlülükler,Other Long-Term Liabilities,0.0
SNGYO,2024/3,2N,Özkaynaklar,SHAREHOLDERS EQUITY,920242560.0
SNGYO,2024/3,2O,Ana Ortaklığa Ait Özkaynaklar,Parent Shareholders Capital,920242560.0
SNGYO,2024/3,2OA,Ödenmiş Sermaye,Share Capital,46377027.0
SNGYO,2024/3,2OC,Karşılıklı İştirak Sermayesi Düzeltmesi (-),Adjustments to Share Capital,0.0
SNGYO,2024/3,2OCA,Hisse Senedi İhraç Primleri,Premium in Excess of Par,60454107.0
SNGYO,2024/3,2OCB,Değer Artış Fonları,Market Value Surpluses,0.0
SNGYO,2024/3,2OCC,Yabancı Para Çevrim Farkları,FX Translation Differences,0.0
SNGYO,2024/3,2OCD,Kardan Ayrılan Kısıtlanmış Yedekler,Income Reserves,31156812.0
SNGYO,2024/3,2OCE,Geçmiş Yıllar Kar/Zararları,Retained Earnings /(Acc. Losses),473189269.0
SNGYO,2024/3,2OCF,Dönem Net Kar/Zararı,Current Year Income /(Losses),15165541.0
SNGYO,2024/3,2OD,Diğer Özsermaye Kalemleri,Other Sholders Equity Items,293899806.0
SNGYO,2024/3,2ODA,Azınlık Payları,Minority Interests,0.0
SNGYO,2024/3,2ODB,TOPLAM KAYNAKLAR,TOTAL LIABILITIES AND S.HOLDERS EQUITY,1125128215.0
SNGYO,2024/3,3B,Sürdürülen Faaliyetler,Continuing Operations,0.0
SNGYO,2024/3,3C,Satış Gelirleri,Net Sales,60478481.0
SNGYO,2024/3,3CA,Satışların Maliyeti (-),Cost Of Sales,-48605604.0
SNGYO,2024/3,3CAA,Ticari Faaliyetlerden Diğer Kar (Zarar),Other Profit (Loss) from Trade Operations,0.0
SNGYO,2024/3,3CAB,Ticari Faaliyetlerden Brüt Kar (Zarar),Gross Profit (Loss) from Trade Operations,11872877.0
SNGYO,2024/3,3CAC,"Faiz, Ücret, Prim, Komisyon ve Diğer Gelirler","Proceeds from Interest, Fee, Premium, Commission and Other",0.0
SNGYO,2024/3,3CAD,"Faiz, Ücret, Prim, Komisyon ve Diğer Giderler (-)","Expenses from Interest, Fee, Premium, Commission and Other",0.0
SNGYO,2024/3,3CAE,Finans Sektörü Faaliyetlerinden Diğer Kar (Zarar),Other Profit (Loss) from Financial Operations,0.0
SNGYO,2024/3,3CAF,Finans Sektörü Faaliyetlerinden Brüt Kar (Zarar),Gross Profit (Loss) from Financial Operations,0.0
SNGYO,2024/3,3CB,Diğer Gelir ve Giderler,Other Income (Expenses),0.0
SNGYO,2024/3,3D,BRÜT KAR (ZARAR),GROSS PROFIT (LOSS),11872877.0
SNGYO,2024/3,3DA,"Pazarlama, Satış ve Dağıtım Giderleri (-)",Marketing Selling & Distrib. Expenses (-),-2473082.0
SNGYO,2024/3,3DB,Genel Yönetim Giderleri (-),General Administrative Expenses (-),-3169789.0
SNGYO,2024/3,3DC,Araştırma ve Geliştirme Giderleri (-),Research & Development Expenses (-),0.0
SNGYO,2024/3,3DD,Diğer Faaliyet Gelirleri,Income from Other Operations,2953694.0
SNGYO,2024/3,3DE,Diğer Faaliyet Giderleri (-),Expenses from Other Operations (-),-2206767.0
SNGYO,2024/3,3DEA,Faaliyet Karı Öncesi Diğer Gelir ve Giderler,Other Income (Expenses) Before Operating Profits,0.0
SNGYO,2024/3,3DF,FAALİYET KARI (ZARARI),OPERATING PROFITS,6976933.0
SNGYO,2024/3,3H,Net Faaliyet Kar/Zararı,Net Operating Profits,6230006.0
SNGYO,2024/3,3HA,Yatırım Faaliyetlerinden Gelirler,nan,0.0
SNGYO,2024/3,3HAA,Yatırım Faaliyetlerinden Giderler (-),nan,0.0
SNGYO,2024/3,3HAB,Diğer Gelir ve Giderler,nan,0.0
SNGYO,2024/3,3HAC,Özkaynak Yöntemiyle Değerlenen Yatırımların Kar/Zararlarındaki Paylar,Profit (Loss) from Subsidiaries,417106.0
SNGYO,2024/3,3HACA,Finansman Gideri Öncesi Faaliyet Karı/Zararı,nan,7394038.0
SNGYO,2024/3,3HB,(Esas Faaliyet Dışı) Finansal Gelirler,Financial Income (from Other Operations),47982.0
SNGYO,2024/3,3HC,(Esas Faaliyet Dışı) Finansal Giderler (-),Financial Expenses (from Other Operations) (-),14437868.0
SNGYO,2024/3,3HCA,Vergi Öncesi Diğer Gelir ve Giderler,Other Income (Expenses) Before Tax,0.0
SNGYO,2024/3,3I,SÜRDÜRÜLEN FAALİYETLER VERGİ ÖNCESİ KARI (ZARARI),PROFIT BEFORE TAX FROM CONTINUING OPERATIONS,21879889.0
SNGYO,2024/3,3IA,Sürdürülen Faaliyetler Vergi Geliri (Gideri),Taxation on Continuing Operations,0.0
SNGYO,2024/3,3IB,Dönem Vergi Geliri (Gideri),Taxation on Income (Expenses),0.0
SNGYO,2024/3,3IC,Ertelenmiş Vergi Geliri (Gideri),Income (Expenses) of Deferred Tax,0.0
SNGYO,2024/3,3ID,Diğer Vergi Geliri (Gideri),Other Taxation Income (Expenses),0.0
SNGYO,2024/3,3J,SÜRDÜRÜLEN FAALİYETLER DÖNEM KARI/ZARARI,PROFIT FROM CONTINUING OPERATIONS,21879889.0
SNGYO,2024/3,3K,DURDURULAN FAALİYETLER,DISCONTINUED OPERATIONS,0.0
SNGYO,2024/3,3KA,Durdurulan Faaliyetler Vergi Sonrası Dönem Karı (Zararı),Profit After Taxes from Discontinued Operations,0.0
SNGYO,2024/3,3L,DÖNEM KARI (ZARARI),NET PROFIT AFTER TAXES,21879889.0
SNGYO,2024/3,3LA,Dönem Kar/Zararının Dağılımı,Distrubition of Profit (Loss),0.0
SNGYO,2024/3,3LB,Azınlık Payları,Minority Interests,0.0
SNGYO,2024/3,3Z,Ana Ortaklık Payları,Parent Shares,21879889.0
SNGYO,2024/3,3ZD,Hisse Başına Kazanç,Earnings per Share,0.0
SNGYO,2024/3,3ZE,Seyreltilmiş Hisse Başına Kazanç,Diluted Earnings per Share,0.0
SNGYO,2024/3,3ZF,Sürdürülen Faaliyetlerden Hisse Başına Kazanç,Earnings per Share from Continuing Operations,0.0
SNGYO,2024/3,3ZG,Sürdürülen Faaliyetlerden Seyreltilmiş Hisse Başına Kazanç,Earnings per Share from Discontinued Operations,0.0
SNGYO,2024/3,4B,Amortisman Giderleri,Depreciation & Amortization,190137.0
SNGYO,2024/3,4BA,Kıdem Tazminatı,Severance Payments,107796.0
SNGYO,2024/3,4BB,Finansman Giderleri,Financial Expenses,14437868.0
SNGYO,2024/3,4BC,Yurtiçi Satışlar,Domestic Sales,0.0
SNGYO,2024/3,4BD,Yurtdışı Satışlar,Export Sales,0.0
SNGYO,2024/3,4BE,Net Yabancı Para Pozisyonu,Net Fx Position,-46264690.0
SNGYO,2024/3,4BEA,Parasal net yabancı para varlık/(yükümlülük) pozisyonu,Parasal net yabancı para varlık/(yükümlülük) pozisyonu,-46264690.0
SNGYO,2024/3,4BEB,Net YPP (Hedge Dahil),Net YPP (Hedge Dahil),-46264690.0
SNGYO,2024/3,4C,İşletme Faaliyetlerinden Kaynaklanan Net Nakit,Net Cash from Operations,-8271940.0
SNGYO,2024/3,4CA,Düzeltme Öncesi Kar,Earnings Before Adjustments,21879889.0
SNGYO,2024/3,4CAA,Düzeltmeler:,Adjustments:,-20894850.0
SNGYO,2024/3,4CAB,Amortisman & İtfa Payları,Depreciation & Amortisation,190137.0
SNGYO,2024/3,4CAC,Karşılıklardaki Değişim,Change in Provisions,107796.0
SNGYO,2024/3,4CAD,Diğer Gelir/ Gider,Other Income / Expense,1865815.0
SNGYO,2024/3,4CAE,İşletme Sermayesinde Değişikler Öncesi Faaliyet Karı (+),Operating Profit Before Changes in Working Capital (+),985039.0
SNGYO,2024/3,4CAF,İşletme Sermayesindeki Değişiklikler,Change in Working Capital,-9205693.0
SNGYO,2024/3,4CAG,Esas Faaliyet ile İlgili Oluşan Nakit (+),Cash from Core Operations (+),-8220654.0
SNGYO,2024/3,4CAH,Diğer İşletme Faaliyetlerinden Nakit,Cash from Other Operations,-51286.0
SNGYO,2024/3,4CAI,Sabit Sermaye Yatırımları,Capital Expenditures (CapEx),-19598.0
SNGYO,2024/3,4CAJ,Diğer Yatırım Faaliyetlerinden Nakit,Cash from Other Investment Operations,0.0
SNGYO,2024/3,4CAK,Yatırım Faaliyetlerinden Kaynaklanan Nakit,Cash from Investment Operations,-19598.0
SNGYO,2024/3,4CB,Serbest Nakit Akım,Free Cash Flow,-8291538.0
SNGYO,2024/3,4CBA,Finansal Borçlardaki Değişim,Change in Financial Debt,-3190494.0
SNGYO,2024/3,4CBB,Temettü Ödemeleri,Dividends Paid,0.0
SNGYO,2024/3,4CBC,Sermaye Artırımı,Rights Issue,0.0
SNGYO,2024/3,4CBD,Diğer Finansman Faaliyetlerinden Nakit,Cash from Other Financial Operations,-481280.0
SNGYO,2024/3,4CBE,Finansman Faaliyetlerden Kaynaklanan Nakit,Cash from Financial Operations,-3671774.0
SNGYO,2024/3,4CBF,Yab. Para Çev. Fark. Etk. Önc.Nak.Ve Nak. Benz. Net Artış/Azalış,Cash Net Inc. / Dec. before For.Cur. Trans. Dif.,-12228064.0
SNGYO,2024/3,4CBG,Yab.ı Para Çevrim Fark. Nakit Ve Nakit Benz. Üzerindeki Etkisi,Foreign Curr. Trans.Diff.Cash and Cash Benz. Imp.,0.0
SNGYO,2024/3,4CBH,Diğer Nakit Girişi/Çıkışı,Other Cash Inflow/Outflow,0.0
SNGYO,2024/3,4CBI,Nakit ve Benzerlerindeki Değişim,Change in Cash & Cash Equivalents,-12228064.0
SNGYO,2024/3,4CBJ,Diğer Nakit ve Nakit Benzerlerindeki Artış,Other Cash & Cash Equivalents Change,0.0
SNGYO,2024/3,4CBK,Dönem Başı Nakit Değerler,Cash at the beginning of the Quarter,13167526.0
SNGYO,2024/3,4CBL,Dönem Sonu Nakit,Cash at the End of the Quarter,939463.0
SNGYO,2024/6,1A,Dönen Varlıklar,CURRENT ASSETS,219240870.0
SNGYO,2024/6,1AA,Nakit ve Nakit Benzerleri,Cash and Cash Equivalents,1814925.0
SNGYO,2024/6,1AB,Finansal Yatırımlar,Short-Term Financial Investments,0.0
SNGYO,2024/6,1AC,Ticari Alacaklar,Short-Term Trade Receivables,18585931.0
SNGYO,2024/6,1AD,Finans Sektörü Faaliyetlerinden Alacaklar,Short-Term Receivables from Financial Operations,0.0
SNGYO,2024/6,1AE,Diğer Alacaklar,Short-Term Other Receivables,295973.0
SNGYO,2024/6,1AEA,Müşteri Sözleşmelerinden Doğan Varlıklar,nan,0.0
SNGYO,2024/6,1AF,Stoklar,Inventories,175512088.0
SNGYO,2024/6,1AG,Canlı Varlıklar,Short-Term Live Assets,0.0
SNGYO,2024/6,1AH,Diğer Dönen Varlıklar,Other Current Assets,23031954.0
SNGYO,2024/6,1AI,(Ara Toplam),(Subtotal),219240870.0
SNGYO,2024/6,1AJ,Satış Amacıyla Elde Tutulan Duran Varlıklar,Assets to be Sold,0.0
SNGYO,2024/6,1AK,Duran Varlıklar,LONG TERM ASSETS,985161641.0
SNGYO,2024/6,1B,Ticari Alacaklar,Trade Receivables,1216.0
SNGYO,2024/6,1BA,Finans Sektörü Faaliyetlerinden Alacaklar,Long-Term Receivables from Financial Operations,0.0
SNGYO,2024/6,1BB,Diğer Alacaklar,Other Receivables,101461.0
SNGYO,2024/6,1BBA,Müşteri Sözleşmelerinden Doğan Varlıklar,nan,0.0
SNGYO,2024/6,1BC,Finansal Yatırımlar,Financial Investments,0.0
SNGYO,2024/6,1BD,Özkaynak Yöntemiyle Değerlenen Yatırımlar,Investments with Equity Method,1875354.0
SNGYO,2024/6,1BE,Canlı Varlıklar,Long-Term Live Assets,0.0
SNGYO,2024/6,1BF,Yatırım Amaçlı Gayrimenkuller,Real Estate Investments,624844525.0
SNGYO,2024/6,1BFA,Stoklar,Stoklar,165667944.0
SNGYO,2024/6,1BFAA,Kullanım Hakkı Varlıkları,nan,847358.0
SNGYO,2024/6,1BG,Maddi Duran Varlıklar,Tangible Fixed Assets,1230327.0
SNGYO,2024/6,1BGA,Şerefiye,Goodwill,0.0
SNGYO,2024/6,1BH,Maddi Olmayan Duran Varlıklar,Intangible Fixed Assets,138633.0
SNGYO,2024/6,1BJ,Ertelenmiş Vergi Varlığı,Long Term Deffered Tax Assets,0.0
SNGYO,2024/6,1BK,Diğer Duran Varlıklar,Other Long-Term Assets,190454824.0
SNGYO,2024/6,1BL,TOPLAM VARLIKLAR,TOTAL ASSETS,1204402512.0
SNGYO,2024/6,1BM,KAYNAKLAR,LIABILITIES,0.0
SNGYO,2024/6,2A,Kısa Vadeli Yükümlülükler,SHORT TERM LIABILITIES,45218870.0
SNGYO,2024/6,2AA,Finansal Borçlar,Short-Term Financial Loans,20221680.0
SNGYO,2024/6,2AAG,Diğer Finansal Yükümlülükler,Other Short-Term Financial Liabilities,0.0
SNGYO,2024/6,2AAGAA,Ticari Borçlar,Short-Term Trade Payables,4596249.0
SNGYO,2024/6,2AAGAB,Diğer Borçlar,Other Short-Term Loans,385026.0
SNGYO,2024/6,2AAGAC,Müşteri Söz. Doğan Yük.,nan,0.0
SNGYO,2024/6,2AAGB,Finans Sektörü Faaliyetlerinden Borçlar,Short-Term Loans from Financial Operations,0.0
SNGYO,2024/6,2AAGC,Devlet Teşvik ve Yardımları,Short-Term Government Promotions and Aids,0.0
SNGYO,2024/6,2AAGCA,Ertelenmiş Gelirler (Müşteri Söz. Doğan Yük. Dış.Kal.),nan,18663505.0
SNGYO,2024/6,2AAGD,Dönem Karı Vergi Yükümlülüğü,Taxation Liabilities on Income (-),0.0
SNGYO,2024/6,2AAGE,Borç Karşılıkları,Short-Term Provisions,546180.0
SNGYO,2024/6,2AAGF,Diğer Kısa Vadeli Yükümlülükler,Other Short-Term Liabilities,806230.0
SNGYO,2024/6,2AAGG,(Ara Toplam),(Subtotal),45218870.0
SNGYO,2024/6,2AAGH,Satış Amaçlı Elde Tutulan Duran Varlıklara İlişkin Yükümlülükler,Liabilities on Assets to be Sold,0.0
SNGYO,2024/6,2B,Uzun Vadeli Yükümlülükler,LONG TERM LIABILITIES,193075985.0
SNGYO,2024/6,2BA,Finansal Borçlar,Long-Term Financial Loans,108934370.0
SNGYO,2024/6,2BB,Diğer Finansal Yükümlülükler,Other Short-Term Financial Liabilities,0.0
SNGYO,2024/6,2BBA,Ticari Borçlar,Long-Term Trade Payables,0.0
SNGYO,2024/6,2BBB,Diğer Borçlar,Other Long-Term Loans,3759107.0
SNGYO,2024/6,2BBBA,Müşteri Söz.Doğan Yük.,nan,0.0
SNGYO,2024/6,2BC,Finans Sektörü Faaliyetlerinden Borçlar,Long-Term Loans from Financial Operations,0.0
SNGYO,2024/6,2BD,Devlet Teşvik ve Yardımları,Long-Term Government Promotions and Aids,0.0
SNGYO,2024/6,2BDA,Ertelenmiş Gelirler (Müşteri Söz.Doğan Yük. Dış.Kal.),nan,79994365.0
SNGYO,2024/6,2BE,Uzun vadeli karşılıklar,Long-Term Provisions,388144.0
SNGYO,2024/6,2BF,Çalışanlara Sağlanan Faydalara İliş.Karş.,Provisions for Retirment Pay,0.0
SNGYO,2024/6,2BG,Ertelenmiş Vergi Yükümlülüğü,Deferred Tax Liabilities,0.0
SNGYO,2024/6,2BH,Diğer Uzun Vadeli Yükümlülükler,Other Long-Term Liabilities,0.0
SNGYO,2024/6,2N,Özkaynaklar,SHAREHOLDERS EQUITY,966107657.0
SNGYO,2024/6,2O,Ana Ortaklığa Ait Özkaynaklar,Parent Shareholders Capital,966107657.0
SNGYO,2024/6,2OA,Ödenmiş Sermaye,Share Capital,45613085.0
SNGYO,2024/6,2OC,Karşılıklı İştirak Sermayesi Düzeltmesi (-),Adjustments to Share Capital,0.0
SNGYO,2024/6,2OCA,Hisse Senedi İhraç Primleri,Premium in Excess of Par,64455682.0
SNGYO,2024/6,2OCB,Değer Artış Fonları,Market Value Surpluses,0.0
SNGYO,2024/6,2OCC,Yabancı Para Çevrim Farkları,FX Translation Differences,0.0
SNGYO,2024/6,2OCD,Kardan Ayrılan Kısıtlanmış Yedekler,Income Reserves,33219142.0
SNGYO,2024/6,2OCE,Geçmiş Yıllar Kar/Zararları,Retained Earnings /(Acc. Losses),504510595.0
SNGYO,2024/6,2OCF,Dönem Net Kar/Zararı,Current Year Income /(Losses),1232822.0
SNGYO,2024/6,2OD,Diğer Özsermaye Kalemleri,Other Sholders Equity Items,317076330.0
SNGYO,2024/6,2ODA,Azınlık Payları,Minority Interests,0.0
SNGYO,2024/6,2ODB,TOPLAM KAYNAKLAR,TOTAL LIABILITIES AND S.HOLDERS EQUITY,1204402512.0
SNGYO,2024/6,3B,Sürdürülen Faaliyetler,Continuing Operations,0.0
SNGYO,2024/6,3C,Satış Gelirleri,Net Sales,81613994.0
SNGYO,2024/6,3CA,Satışların Maliyeti (-),Cost Of Sales,-60111498.0
SNGYO,2024/6,3CAA,Ticari Faaliyetlerden Diğer Kar (Zarar),Other Profit (Loss) from Trade Operations,0.0
SNGYO,2024/6,3CAB,Ticari Faaliyetlerden Brüt Kar (Zarar),Gross Profit (Loss) from Trade Operations,21502496.0
SNGYO,2024/6,3CAC,"Faiz, Ücret, Prim, Komisyon ve Diğer Gelirler","Proceeds from Interest, Fee, Premium, Commission and Other",0.0
SNGYO,2024/6,3CAD,"Faiz, Ücret, Prim, Komisyon ve Diğer Giderler (-)","Expenses from Interest, Fee, Premium, Commission and Other",0.0
SNGYO,2024/6,3CAE,Finans Sektörü Faaliyetlerinden Diğer Kar (Zarar),Other Profit (Loss) from Financial Operations,0.0
SNGYO,2024/6,3CAF,Finans Sektörü Faaliyetlerinden Brüt Kar (Zarar),Gross Profit (Loss) from Financial Operations,0.0
SNGYO,2024/6,3CB,Diğer Gelir ve Giderler,Other Income (Expenses),0.0
SNGYO,2024/6,3D,BRÜT KAR (ZARAR),GROSS PROFIT (LOSS),21502496.0
SNGYO,2024/6,3DA,"Pazarlama, Satış ve Dağıtım Giderleri (-)",Marketing Selling & Distrib. Expenses (-),-4331490.0
SNGYO,2024/6,3DB,Genel Yönetim Giderleri (-),General Administrative Expenses (-),-5839419.0
SNGYO,2024/6,3DC,Araştırma ve Geliştirme Giderleri (-),Research & Development Expenses (-),0.0
SNGYO,2024/6,3DD,Diğer Faaliyet Gelirleri,Income from Other Operations,3762858.0
SNGYO,2024/6,3DE,Diğer Faaliyet Giderleri (-),Expenses from Other Operations (-),-2320241.0
SNGYO,2024/6,3DEA,Faaliyet Karı Öncesi Diğer Gelir ve Giderler,Other Income (Expenses) Before Operating Profits,0.0
SNGYO,2024/6,3DF,FAALİYET KARI (ZARARI),OPERATING PROFITS,12774204.0
SNGYO,2024/6,3H,Net Faaliyet Kar/Zararı,Net Operating Profits,11331587.0
SNGYO,2024/6,3HA,Yatırım Faaliyetlerinden Gelirler,nan,0.0
SNGYO,2024/6,3HAA,Yatırım Faaliyetlerinden Giderler (-),nan,0.0
SNGYO,2024/6,3HAB,Diğer Gelir ve Giderler,nan,0.0
SNGYO,2024/6,3HAC,Özkaynak Yöntemiyle Değerlenen Yatırımların Kar/Zararlarındaki Paylar,Profit (Loss) from Subsidiaries,429538.0
SNGYO,2024/6,3HACA,Finansman Gideri Öncesi Faaliyet Karı/Zararı,nan,13203742.0
SNGYO,2024/6,3HB,(Esas Faaliyet Dışı) Finansal Gelirler,Financial Income (from Other Operations),43131.0
SNGYO,2024/6,3HC,(Esas Faaliyet Dışı) Finansal Giderler (-),Financial Expenses (from Other Operations) (-),-11515447.0
SNGYO,2024/6,3HCA,Vergi Öncesi Diğer Gelir ve Giderler,Other Income (Expenses) Before Tax,0.0
SNGYO,2024/6,3I,SÜRDÜRÜLEN FAALİYETLER VERGİ ÖNCESİ KARI (ZARARI),PROFIT BEFORE TAX FROM CONTINUING OPERATIONS,1731426.0
SNGYO,2024/6,3IA,Sürdürülen Faaliyetler Vergi Geliri (Gideri),Taxation on Continuing Operations,0.0
SNGYO,2024/6,3IB,Dönem Vergi Geliri (Gideri),Taxation on Income (Expenses),0.0
SNGYO,2024/6,3IC,Ertelenmiş Vergi Geliri (Gideri),Income (Expenses) of Deferred Tax,0.0
SNGYO,2024/6,3ID,Diğer Vergi Geliri (Gideri),Other Taxation Income (Expenses),0.0
SNGYO,2024/6,3J,SÜRDÜRÜLEN FAALİYETLER DÖNEM KARI/ZARARI,PROFIT FROM CONTINUING OPERATIONS,1731426.0
SNGYO,2024/6,3K,DURDURULAN FAALİYETLER,DISCONTINUED OPERATIONS,0.0
SNGYO,2024/6,3KA,Durdurulan Faaliyetler Vergi Sonrası Dönem Karı (Zararı),Profit After Taxes from Discontinued Operations,0.0
SNGYO,2024/6,3L,DÖNEM KARI (ZARARI),NET PROFIT AFTER TAXES,1731426.0
SNGYO,2024/6,3LA,Dönem Kar/Zararının Dağılımı,Distrubition of Profit (Loss),0.0
SNGYO,2024/6,3LB,Azınlık Payları,Minority Interests,0.0
SNGYO,2024/6,3Z,Ana Ortaklık Payları,Parent Shares,1731426.0
SNGYO,2024/6,3ZD,Hisse Başına Kazanç,Earnings per Share,0.0
SNGYO,2024/6,3ZE,Seyreltilmiş Hisse Başına Kazanç,Diluted Earnings per Share,0.0
SNGYO,2024/6,3ZF,Sürdürülen Faaliyetlerden Hisse Başına Kazanç,Earnings per Share from Continuing Operations,0.0
SNGYO,2024/6,3ZG,Sürdürülen Faaliyetlerden Seyreltilmiş Hisse Başına Kazanç,Earnings per Share from Discontinued Operations,0.0
SNGYO,2024/6,4B,Amortisman Giderleri,Depreciation & Amortization,364082.0
SNGYO,2024/6,4BA,Kıdem Tazminatı,Severance Payments,72757.0
SNGYO,2024/6,4BB,Finansman Giderleri,Financial Expenses,-11515447.0
SNGYO,2024/6,4BC,Yurtiçi Satışlar,Domestic Sales,0.0
SNGYO,2024/6,4BD,Yurtdışı Satışlar,Export Sales,0.0
SNGYO,2024/6,4BE,Net Yabancı Para Pozisyonu,Net Fx Position,-2166989436.0
SNGYO,2024/6,4BEA,Parasal net yabancı para varlık/(yükümlülük) pozisyonu,Parasal net yabancı para varlık/(yükümlülük) pozisyonu,-2166989436.0
SNGYO,2024/6,4BEB,Net YPP (Hedge Dahil),Net YPP (Hedge Dahil),-2166989436.0
SNGYO,2024/6,4C,İşletme Faaliyetlerinden Kaynaklanan Net Nakit,Net Cash from Operations,-1645748.0
SNGYO,2024/6,4CA,Düzeltme Öncesi Kar,Earnings Before Adjustments,1731426.0
SNGYO,2024/6,4CAA,Düzeltmeler:,Adjustments:,2961220.0
SNGYO,2024/6,4CAB,Amortisman & İtfa Payları,Depreciation & Amortisation,364082.0
SNGYO,2024/6,4CAC,Karşılıklardaki Değişim,Change in Provisions,72757.0
SNGYO,2024/6,4CAD,Diğer Gelir/ Gider,Other Income / Expense,-390170.0
SNGYO,2024/6,4CAE,İşletme Sermayesinde Değişikler Öncesi Faaliyet Karı (+),Operating Profit Before Changes in Working Capital (+),4692646.0
SNGYO,2024/6,4CAF,İşletme Sermayesindeki Değişiklikler,Change in Working Capital,-6283399.0
SNGYO,2024/6,4CAG,Esas Faaliyet ile İlgili Oluşan Nakit (+),Cash from Core Operations (+),-1590753.0
SNGYO,2024/6,4CAH,Diğer İşletme Faaliyetlerinden Nakit,Cash from Other Operations,-54995.0
SNGYO,2024/6,4CAI,Sabit Sermaye Yatırımları,Capital Expenditures (CapEx),-21015.0
SNGYO,2024/6,4CAJ,Diğer Yatırım Faaliyetlerinden Nakit,Cash from Other Investment Operations,0.0
SNGYO,2024/6,4CAK,Yatırım Faaliyetlerinden Kaynaklanan Nakit,Cash from Investment Operations,-21015.0
SNGYO,2024/6,4CB,Serbest Nakit Akım,Free Cash Flow,-1666763.0
SNGYO,2024/6,4CBA,Finansal Borçlardaki Değişim,Change in Financial Debt,-6701346.0
SNGYO,2024/6,4CBB,Temettü Ödemeleri,Dividends Paid,0.0
SNGYO,2024/6,4CBC,Sermaye Artırımı,Rights Issue,0.0
SNGYO,2024/6,4CBD,Diğer Finansman Faaliyetlerinden Nakit,Cash from Other Financial Operations,-39368.0
SNGYO,2024/6,4CBE,Finansman Faaliyetlerden Kaynaklanan Nakit,Cash from Financial Operations,-6740715.0
SNGYO,2024/6,4CBF,Yab. Para Çev. Fark. Etk. Önc.Nak.Ve Nak. Benz. Net Artış/Azalış,Cash Net Inc. / Dec. before For.Cur. Trans. Dif.,-11117506.0
SNGYO,2024/6,4CBG,Yab.ı Para Çevrim Fark. Nakit Ve Nakit Benz. Üzerindeki Etkisi,Foreign Curr. Trans.Diff.Cash and Cash Benz. Imp.,0.0
SNGYO,2024/6,4CBH,Diğer Nakit Girişi/Çıkışı,Other Cash Inflow/Outflow,0.0
SNGYO,2024/6,4CBI,Nakit ve Benzerlerindeki Değişim,Change in Cash & Cash Equivalents,-11117506.0
SNGYO,2024/6,4CBJ,Diğer Nakit ve Nakit Benzerlerindeki Artış,Other Cash & Cash Equivalents Change,0.0
SNGYO,2024/6,4CBK,Dönem Başı Nakit Değerler,Cash at the beginning of the Quarter,13666462.0
SNGYO,2024/6,4CBL,Dönem Sonu Nakit,Cash at the End of the Quarter,2548956.0
SNGYO,2024/9,1A,Dönen Varlıklar,CURRENT ASSETS,238280175.0
SNGYO,2024/9,1AA,Nakit ve Nakit Benzerleri,Cash and Cash Equivalents,3529562.0
SNGYO,2024/9,1AB,Finansal Yatırımlar,Short-Term Financial Investments,0.0
SNGYO,2024/9,1AC,Ticari Alacaklar,Short-Term Trade Receivables,16764516.0
SNGYO,2024/9,1AD,Finans Sektörü Faaliyetlerinden Alacaklar,Short-Term Receivables from Financial Operations,0.0
SNGYO,2024/9,1AE,Diğer Alacaklar,Short-Term Other Receivables,283035.0
SNGYO,2024/9,1AEA,Müşteri Sözleşmelerinden Doğan Varlıklar,nan,0.0
SNGYO,2024/9,1AF,Stoklar,Inventories,189241798.0
SNGYO,2024/9,1AG,Canlı Varlıklar,Short-Term Live Assets,0.0
SNGYO,2024/9,1AH,Diğer Dönen Varlıklar,Other Current Assets,28461263.0
SNGYO,2024/9,1AI,(Ara Toplam),(Subtotal),238280175.0
SNGYO,2024/9,1AJ,Satış Amacıyla Elde Tutulan Duran Varlıklar,Assets to be Sold,0.0
SNGYO,2024/9,1AK,Duran Varlıklar,LONG TERM ASSETS,1032062247.0
SNGYO,2024/9,1B,Ticari Alacaklar,Trade Receivables,0.0
SNGYO,2024/9,1BA,Finans Sektörü Faaliyetlerinden Alacaklar,Long-Term Receivables from Financial Operations,0.0
SNGYO,2024/9,1BB,Diğer Alacaklar,Other Receivables,96834.0
SNGYO,2024/9,1BBA,Müşteri Sözleşmelerinden Doğan Varlıklar,nan,0.0
SNGYO,2024/9,1BC,Finansal Yatırımlar,Financial Investments,0.0
SNGYO,2024/9,1BD,Özkaynak Yöntemiyle Değerlenen Yatırımlar,Investments with Equity Method,1979089.0
SNGYO,2024/9,1BE,Canlı Varlıklar,Long-Term Live Assets,0.0
SNGYO,2024/9,1BF,Yatırım Amaçlı Gayrimenkuller,Real Estate Investments,654750371.0
SNGYO,2024/9,1BFA,Stoklar,Stoklar,173432565.0
SNGYO,2024/9,1BFAA,Kullanım Hakkı Varlıkları,nan,838585.0
SNGYO,2024/9,1BG,Maddi Duran Varlıklar,Tangible Fixed Assets,1251925.0
SNGYO,2024/9,1BGA,Şerefiye,Goodwill,0.0
SNGYO,2024/9,1BH,Maddi Olmayan Duran Varlıklar,Intangible Fixed Assets,140690.0
SNGYO,2024/9,1BJ,Ertelenmiş Vergi Varlığı,Long Term Deffered Tax Assets,0.0
SNGYO,2024/9,1BK,Diğer Duran Varlıklar,Other Long-Term Assets,199572189.0
SNGYO,2024/9,1BL,TOPLAM VARLIKLAR,TOTAL ASSETS,1270342422.0
SNGYO,2024/9,1BM,KAYNAKLAR,LIABILITIES,0.0
SNGYO,2024/9,2A,Kısa Vadeli Yükümlülükler,SHORT TERM LIABILITIES,56863847.0
SNGYO,2024/9,2AA,Finansal Borçlar,Short-Term Financial Loans,20917797.0
SNGYO,2024/9,2AAG,Diğer Finansal Yükümlülükler,Other Short-Term Financial Liabilities,0.0
SNGYO,2024/9,2AAGAA,Ticari Borçlar,Short-Term Trade Payables,13375295.0
SNGYO,2024/9,2AAGAB,Diğer Borçlar,Other Short-Term Loans,378672.0
SNGYO,2024/9,2AAGAC,Müşteri Söz. Doğan Yük.,nan,0.0
SNGYO,2024/9,2AAGB,Finans Sektörü Faaliyetlerinden Borçlar,Short-Term Loans from Financial Operations,0.0
SNGYO,2024/9,2AAGC,Devlet Teşvik ve Yardımları,Short-Term Government Promotions and Aids,0.0
SNGYO,2024/9,2AAGCA,Ertelenmiş Gelirler (Müşteri Söz. Doğan Yük. Dış.Kal.),nan,20826492.0
SNGYO,2024/9,2AAGD,Dönem Karı Vergi Yükümlülüğü,Taxation Liabilities on Income (-),0.0
SNGYO,2024/9,2AAGE,Borç Karşılıkları,Short-Term Provisions,525453.0
SNGYO,2024/9,2AAGF,Diğer Kısa Vadeli Yükümlülükler,Other Short-Term Liabilities,840138.0
SNGYO,2024/9,2AAGG,(Ara Toplam),(Subtotal),56863847.0
SNGYO,2024/9,2AAGH,Satış Amaçlı Elde Tutulan Duran Varlıklara İlişkin Yükümlülükler,Liabilities on Assets to be Sold,0.0
SNGYO,2024/9,2B,Uzun Vadeli Yükümlülükler,LONG TERM LIABILITIES,192337937.0
SNGYO,2024/9,2BA,Finansal Borçlar,Long-Term Financial Loans,106434965.0
SNGYO,2024/9,2BB,Diğer Finansal Yükümlülükler,Other Short-Term Financial Liabilities,0.0
SNGYO,2024/9,2BBA,Ticari Borçlar,Long-Term Trade Payables,0.0
SNGYO,2024/9,2BBB,Diğer Borçlar,Other Long-Term Loans,3715833.0
SNGYO,2024/9,2BBBA,Müşteri Söz.Doğan Yük.,nan,0.0
SNGYO,2024/9,2BC,Finans Sektörü Faaliyetlerinden Borçlar,Long-Term Loans from Financial Operations,0.0
SNGYO,2024/9,2BD,Devlet Teşvik ve Yardımları,Long-Term Government Promotions and Aids,0.0
SNGYO,2024/9,2BDA,Ertelenmiş Gelirler (Müşteri Söz.Doğan Yük. Dış.Kal.),nan,81799923.0
SNGYO,2024/9,2BE,Uzun vadeli karşılıklar,Long-Term Provisions,387217.0
SNGYO,2024/9,2BF,Çalışanlara Sağlanan Faydalara İliş.Karş.,Provisions for Retirment Pay,0.0
SNGYO,2024/9,2BG,Ertelenmiş Vergi Yükümlülüğü,Deferred Tax Liabilities,0.0
SNGYO,2024/9,2BH,Diğer Uzun Vadeli Yükümlülükler,Other Long-Term Liabilities,0.0
SNGYO,2024/9,2N,Özkaynaklar,SHAREHOLDERS EQUITY,1021140638.0
SNGYO,2024/9,2O,Ana Ortaklığa Ait Özkaynaklar,Parent Shareholders Capital,1021140638.0
SNGYO,2024/9,2OA,Ödenmiş Sermaye,Share Capital,43882103.0
SNGYO,2024/9,2OC,Karşılıklı İştirak Sermayesi Düzeltmesi (-),Adjustments to Share Capital,0.0
SNGYO,2024/9,2OCA,Hisse Senedi İhraç Primleri,Premium in Excess of Par,67540613.0
SNGYO,2024/9,2OCB,Değer Artış Fonları,Market Value Surpluses,0.0
SNGYO,2024/9,2OCC,Yabancı Para Çevrim Farkları,FX Translation Differences,0.0
SNGYO,2024/9,2OCD,Kardan Ayrılan Kısıtlanmış Yedekler,Income Reserves,37855322.0
SNGYO,2024/9,2OCE,Geçmiş Yıllar Kar/Zararları,Retained Earnings /(Acc. Losses),525610837.0
SNGYO,2024/9,2OCF,Dönem Net Kar/Zararı,Current Year Income /(Losses),10081135.0
SNGYO,2024/9,2OD,Diğer Özsermaye Kalemleri,Other Sholders Equity Items,336170628.0
SNGYO,2024/9,2ODA,Azınlık Payları,Minority Interests,0.0
SNGYO,2024/9,2ODB,TOPLAM KAYNAKLAR,TOTAL LIABILITIES AND S.HOLDERS EQUITY,1270342422.0
SNGYO,2024/9,3B,Sürdürülen Faaliyetler,Continuing Operations,0.0
SNGYO,2024/9,3C,Satış Gelirleri,Net Sales,106127994.0
SNGYO,2024/9,3CA,Satışların Maliyeti (-),Cost Of Sales,-77330411.0
SNGYO,2024/9,3CAA,Ticari Faaliyetlerden Diğer Kar (Zarar),Other Profit (Loss) from Trade Operations,0.0
SNGYO,2024/9,3CAB,Ticari Faaliyetlerden Brüt Kar (Zarar),Gross Profit (Loss) from Trade Operations,28797583.0
SNGYO,2024/9,3CAC,"Faiz, Ücret, Prim, Komisyon ve Diğer Gelirler","Proceeds from Interest, Fee, Premium, Commission and Other",0.0
SNGYO,2024/9,3CAD,"Faiz, Ücret, Prim, Komisyon ve Diğer Giderler (-)","Expenses from Interest, Fee, Premium, Commission and Other",0.0
SNGYO,2024/9,3CAE,Finans Sektörü Faaliyetlerinden Diğer Kar (Zarar),Other Profit (Loss) from Financial Operations,0.0
SNGYO,2024/9,3CAF,Finans Sektörü Faaliyetlerinden Brüt Kar (Zarar),Gross Profit (Loss) from Financial Operations,0.0
SNGYO,2024/9,3CB,Diğer Gelir ve Giderler,Other Income (Expenses),0.0
SNGYO,2024/9,3D,BRÜT KAR (ZARAR),GROSS PROFIT (LOSS),28797583.0
SNGYO,2024/9,3DA,"Pazarlama, Satış ve Dağıtım Giderleri (-)",Marketing Selling & Distrib. Expenses (-),-7390382.0
SNGYO,2024/9,3DB,Genel Yönetim Giderleri (-),General Administrative Expenses (-),-8459165.0
SNGYO,2024/9,3DC,Araştırma ve Geliştirme Giderleri (-),Research & Development Expenses (-),0.0
SNGYO,2024/9,3DD,Diğer Faaliyet Gelirleri,Income from Other Operations,6395105.0
SNGYO,2024/9,3DE,Diğer Faaliyet Giderleri (-),Expenses from Other Operations (-),-1954315.0
SNGYO,2024/9,3DEA,Faaliyet Karı Öncesi Diğer Gelir ve Giderler,Other Income (Expenses) Before Operating Profits,0.0
SNGYO,2024/9,3DF,FAALİYET KARI (ZARARI),OPERATING PROFITS,17388826.0
SNGYO,2024/9,3H,Net Faaliyet Kar/Zararı,Net Operating Profits,12948036.0
SNGYO,2024/9,3HA,Yatırım Faaliyetlerinden Gelirler,nan,0.0
SNGYO,2024/9,3HAA,Yatırım Faaliyetlerinden Giderler (-),nan,0.0
SNGYO,2024/9,3HAB,Diğer Gelir ve Giderler,nan,0.0
SNGYO,2024/9,3HAC,Özkaynak Yöntemiyle Değerlenen Yatırımların Kar/Zararlarındaki Paylar,Profit (Loss) from Subsidiaries,411866.0
SNGYO,2024/9,3HACA,Finansman Gideri Öncesi Faaliyet Karı/Zararı,nan,17800692.0
SNGYO,2024/9,3HB,(Esas Faaliyet Dışı) Finansal Gelirler,Financial Income (from Other Operations),158283.0
SNGYO,2024/9,3HC,(Esas Faaliyet Dışı) Finansal Giderler (-),Financial Expenses (from Other Operations) (-),-3729451.0
SNGYO,2024/9,3HCA,Vergi Öncesi Diğer Gelir ve Giderler,Other Income (Expenses) Before Tax,0.0
SNGYO,2024/9,3I,SÜRDÜRÜLEN FAALİYETLER VERGİ ÖNCESİ KARI (ZARARI),PROFIT BEFORE TAX FROM CONTINUING OPERATIONS,14229524.0
SNGYO,2024/9,3IA,Sürdürülen Faaliyetler Vergi Geliri (Gideri),Taxation on Continuing Operations,0.0
SNGYO,2024/9,3IB,Dönem Vergi Geliri (Gideri),Taxation on Income (Expenses),0.0
SNGYO,2024/9,3IC,Ertelenmiş Vergi Geliri (Gideri),Income (Expenses) of Deferred Tax,0.0
SNGYO,2024/9,3ID,Diğer Vergi Geliri (Gideri),Other Taxation Income (Expenses),0.0
SNGYO,2024/9,3J,SÜRDÜRÜLEN FAALİYETLER DÖNEM KARI/ZARARI,PROFIT FROM CONTINUING OPERATIONS,14229524.0
SNGYO,2024/9,3K,DURDURULAN FAALİYETLER,DISCONTINUED OPERATIONS,0.0
SNGYO,2024/9,3KA,Durdurulan Faaliyetler Vergi Sonrası Dönem Karı (Zararı),Profit After Taxes from Discontinued Operations,0.0
SNGYO,2024/9,3L,DÖNEM KARI (ZARARI),NET PROFIT AFTER TAXES,14229524.0
SNGYO,2024/9,3LA,Dönem Kar/Zararının Dağılımı,Distrubition of Profit (Loss),0.0
SNGYO,2024/9,3LB,Azınlık Payları,Minority Interests,0.0
SNGYO,2024/9,3Z,Ana Ortaklık Payları,Parent Shares,14229524.0
SNGYO,2024/9,3ZD,Hisse Başına Kazanç,Earnings per Share,0.0
SNGYO,2024/9,3ZE,Seyreltilmiş Hisse Başına Kazanç,Diluted Earnings per Share,0.0
SNGYO,2024/9,3ZF,Sürdürülen Faaliyetlerden Hisse Başına Kazanç,Earnings per Share from Continuing Operations,0.0
SNGYO,2024/9,3ZG,Sürdürülen Faaliyetlerden Seyreltilmiş Hisse Başına Kazanç,Earnings per Share from Discontinued Operations,0.0
SNGYO,2024/9,4B,Amortisman Giderleri,Depreciation & Amortization,419727.0
SNGYO,2024/9,4BA,Kıdem Tazminatı,Severance Payments,7854.0
SNGYO,2024/9,4BB,Finansman Giderleri,Financial Expenses,-3729451.0
SNGYO,2024/9,4BC,Yurtiçi Satışlar,Domestic Sales,0.0
SNGYO,2024/9,4BD,Yurtdışı Satışlar,Export Sales,0.0
SNGYO,2024/9,4BE,Net Yabancı Para Pozisyonu,Net Fx Position,-62006521.0
SNGYO,2024/9,4BEA,Parasal net yabancı para varlık/(yükümlülük) pozisyonu,Parasal net yabancı para varlık/(yükümlülük) pozisyonu,-62006521.0
SNGYO,2024/9,4BEB,Net YPP (Hedge Dahil),Net YPP (Hedge Dahil),-62006521.0
SNGYO,2024/9,4C,İşletme Faaliyetlerinden Kaynaklanan Net Nakit,Net Cash from Operations,14698901.0
SNGYO,2024/9,4CA,Düzeltme Öncesi Kar,Earnings Before Adjustments,14229524.0
SNGYO,2024/9,4CAA,Düzeltmeler:,Adjustments:,5940768.0
SNGYO,2024/9,4CAB,Amortisman & İtfa Payları,Depreciation & Amortisation,419727.0
SNGYO,2024/9,4CAC,Karşılıklardaki Değişim,Change in Provisions,10468.0
SNGYO,2024/9,4CAD,Diğer Gelir/ Gider,Other Income / Expense,17329961.0
SNGYO,2024/9,4CAE,İşletme Sermayesinde Değişikler Öncesi Faaliyet Karı (+),Operating Profit Before Changes in Working Capital (+),20170292.0
SNGYO,2024/9,4CAF,İşletme Sermayesindeki Değişiklikler,Change in Working Capital,-5423915.0
SNGYO,2024/9,4CAG,Esas Faaliyet ile İlgili Oluşan Nakit (+),Cash from Core Operations (+),14746377.0
SNGYO,2024/9,4CAH,Diğer İşletme Faaliyetlerinden Nakit,Cash from Other Operations,-47476.0
SNGYO,2024/9,4CAI,Sabit Sermaye Yatırımları,Capital Expenditures (CapEx),-257956.0
SNGYO,2024/9,4CAJ,Diğer Yatırım Faaliyetlerinden Nakit,Cash from Other Investment Operations,0.0
SNGYO,2024/9,4CAK,Yatırım Faaliyetlerinden Kaynaklanan Nakit,Cash from Investment Operations,-257956.0
SNGYO,2024/9,4CB,Serbest Nakit Akım,Free Cash Flow,14440945.0
SNGYO,2024/9,4CBA,Finansal Borçlardaki Değişim,Change in Financial Debt,-2310761.0
SNGYO,2024/9,4CBB,Temettü Ödemeleri,Dividends Paid,0.0
SNGYO,2024/9,4CBC,Sermaye Artırımı,Rights Issue,0.0
SNGYO,2024/9,4CBD,Diğer Finansman Faaliyetlerinden Nakit,Cash from Other Financial Operations,-17741827.0
SNGYO,2024/9,4CBE,Finansman Faaliyetlerden Kaynaklanan Nakit,Cash from Financial Operations,-20052588.0
SNGYO,2024/9,4CBF,Yab. Para Çev. Fark. Etk. Önc.Nak.Ve Nak. Benz. Net Artış/Azalış,Cash Net Inc. / Dec. before For.Cur. Trans. Dif.,-9410551.0
SNGYO,2024/9,4CBG,Yab.ı Para Çevrim Fark. Nakit Ve Nakit Benz. Üzerindeki Etkisi,Foreign Curr. Trans.Diff.Cash and Cash Benz. Imp.,0.0
SNGYO,2024/9,4CBH,Diğer Nakit Girişi/Çıkışı,Other Cash Inflow/Outflow,0.0
SNGYO,2024/9,4CBI,Nakit ve Benzerlerindeki Değişim,Change in Cash & Cash Equivalents,-9410551.0
SNGYO,2024/9,4CBJ,Diğer Nakit ve Nakit Benzerlerindeki Artış,Other Cash & Cash Equivalents Change,0.0
SNGYO,2024/9,4CBK,Dönem Başı Nakit Değerler,Cash at the beginning of the Quarter,14392529.0
SNGYO,2024/9,4CBL,Dönem Sonu Nakit,Cash at the End of the Quarter,4981978.0
SNGYO,2025/3,1A,Dönen Varlıklar,CURRENT ASSETS,242037694.0
SNGYO,2025/3,1AA,Nakit ve Nakit Benzerleri,Cash and Cash Equivalents,1889006.0
SNGYO,2025/3,1AB,Finansal Yatırımlar,Short-Term Financial Investments,0.0
SNGYO,2025/3,1AC,Ticari Alacaklar,Short-Term Trade Receivables,13006232.0
SNGYO,2025/3,1AD,Finans Sektörü Faaliyetlerinden Alacaklar,Short-Term Receivables from Financial Operations,0.0
SNGYO,2025/3,1AE,Diğer Alacaklar,Short-Term Other Receivables,147078.0
SNGYO,2025/3,1AEA,Müşteri Sözleşmelerinden Doğan Varlıklar,nan,0.0
SNGYO,2025/3,1AF,Stoklar,Inventories,199555507.0
SNGYO,2025/3,1AG,Canlı Varlıklar,Short-Term Live Assets,0.0
SNGYO,2025/3,1AH,Diğer Dönen Varlıklar,Other Current Assets,27439871.0
SNGYO,2025/3,1AI,(Ara Toplam),(Subtotal),242037694.0
SNGYO,2025/3,1AJ,Satış Amacıyla Elde Tutulan Duran Varlıklar,Assets to be Sold,0.0
SNGYO,2025/3,1AK,Duran Varlıklar,LONG TERM ASSETS,1100918360.0
SNGYO,2025/3,1B,Ticari Alacaklar,Trade Receivables,0.0
SNGYO,2025/3,1BA,Finans Sektörü Faaliyetlerinden Alacaklar,Long-Term Receivables from Financial Operations,0.0
SNGYO,2025/3,1BB,Diğer Alacaklar,Other Receivables,85737.0
SNGYO,2025/3,1BBA,Müşteri Sözleşmelerinden Doğan Varlıklar,nan,0.0
SNGYO,2025/3,1BC,Finansal Yatırımlar,Financial Investments,0.0
SNGYO,2025/3,1BD,Özkaynak Yöntemiyle Değerlenen Yatırımlar,Investments with Equity Method,5201515.0
SNGYO,2025/3,1BE,Canlı Varlıklar,Long-Term Live Assets,0.0
SNGYO,2025/3,1BF,Yatırım Amaçlı Gayrimenkuller,Real Estate Investments,594463615.0
SNGYO,2025/3,1BFA,Stoklar,Stoklar,288209054.0
SNGYO,2025/3,1BFAA,Kullanım Hakkı Varlıkları,nan,781926.0
SNGYO,2025/3,1BG,Maddi Duran Varlıklar,Tangible Fixed Assets,1168491.0
SNGYO,2025/3,1BGA,Şerefiye,Goodwill,0.0
SNGYO,2025/3,1BH,Maddi Olmayan Duran Varlıklar,Intangible Fixed Assets,127680.0
SNGYO,2025/3,1BJ,Ertelenmiş Vergi Varlığı,Long Term Deffered Tax Assets,0.0
SNGYO,2025/3,1BK,Diğer Duran Varlıklar,Other Long-Term Assets,210880342.0
SNGYO,2025/3,1BL,TOPLAM VARLIKLAR,TOTAL ASSETS,1342956054.0
SNGYO,2025/3,1BM,KAYNAKLAR,LIABILITIES,0.0
SNGYO,2025/3,2A,Kısa Vadeli Yükümlülükler,SHORT TERM LIABILITIES,66744879.0
SNGYO,2025/3,2AA,Finansal Borçlar,Short-Term Financial Loans,24201226.0
SNGYO,2025/3,2AAG,Diğer Finansal Yükümlülükler,Other Short-Term Financial Liabilities,0.0
SNGYO,2025/3,2AAGAA,Ticari Borçlar,Short-Term Trade Payables,22542774.0
SNGYO,2025/3,2AAGAB,Diğer Borçlar,Other Short-Term Loans,403817.0
SNGYO,2025/3,2AAGAC,Müşteri Söz. Doğan Yük.,nan,0.0
SNGYO,2025/3,2AAGB,Finans Sektörü Faaliyetlerinden Borçlar,Short-Term Loans from Financial Operations,0.0
SNGYO,2025/3,2AAGC,Devlet Teşvik ve Yardımları,Short-Term Government Promotions and Aids,0.0
SNGYO,2025/3,2AAGCA,Ertelenmiş Gelirler (Müşteri Söz. Doğan Yük. Dış.Kal.),nan,18060816.0
SNGYO,2025/3,2AAGD,Dönem Karı Vergi Yükümlülüğü,Taxation Liabilities on Income (-),0.0
SNGYO,2025/3,2AAGE,Borç Karşılıkları,Short-Term Provisions,579653.0
SNGYO,2025/3,2AAGF,Diğer Kısa Vadeli Yükümlülükler,Other Short-Term Liabilities,956592.0
SNGYO,2025/3,2AAGG,(Ara Toplam),(Subtotal),66744879.0
SNGYO,2025/3,2AAGH,Satış Amaçlı Elde Tutulan Duran Varlıklara İlişkin Yükümlülükler,Liabilities on Assets to be Sold,0.0
SNGYO,2025/3,2B,Uzun Vadeli Yükümlülükler,LONG TERM LIABILITIES,224140160.0
SNGYO,2025/3,2BA,Finansal Borçlar,Long-Term Financial Loans,108416019.0
SNGYO,2025/3,2BB,Diğer Finansal Yükümlülükler,Other Short-Term Financial Liabilities,0.0
SNGYO,2025/3,2BBA,Ticari Borçlar,Long-Term Trade Payables,0.0
SNGYO,2025/3,2BBB,Diğer Borçlar,Other Long-Term Loans,3277621.0
SNGYO,2025/3,2BBBA,Müşteri Söz.Doğan Yük.,nan,0.0
SNGYO,2025/3,2BC,Finans Sektörü Faaliyetlerinden Borçlar,Long-Term Loans from Financial Operations,0.0
SNGYO,2025/3,2BD,Devlet Teşvik ve Yardımları,Long-Term Government Promotions and Aids,0.0
SNGYO,2025/3,2BDA,Ertelenmiş Gelirler (Müşteri Söz.Doğan Yük. Dış.Kal.),nan,27269203.0
SNGYO,2025/3,2BE,Uzun vadeli karşılıklar,Long-Term Provisions,381686.0
SNGYO,2025/3,2BF,Çalışanlara Sağlanan Faydalara İliş.Karş.,Provisions for Retirment Pay,0.0
SNGYO,2025/3,2BG,Ertelenmiş Vergi Yükümlülüğü,Deferred Tax Liabilities,84795631.0
SNGYO,2025/3,2BH,Diğer Uzun Vadeli Yükümlülükler,Other Long-Term Liabilities,0.0
SNGYO,2025/3,2N,Özkaynaklar,SHAREHOLDERS EQUITY,1052071015.0
SNGYO,2025/3,2O,Ana Ortaklığa Ait Özkaynaklar,Parent Shareholders Capital,1052071015.0
SNGYO,2025/3,2OA,Ödenmiş Sermaye,Share Capital,105725848.0
SNGYO,2025/3,2OC,Karşılıklı İştirak Sermayesi Düzeltmesi (-),Adjustments to Share Capital,0.0
SNGYO,2025/3,2OCA,Hisse Senedi İhraç Primleri,Premium in Excess of Par,71374170.0
SNGYO,2025/3,2OCB,Değer Artış Fonları,Market Value Surpluses,0.0
SNGYO,2025/3,2OCC,Yabancı Para Çevrim Farkları,FX Translation Differences,0.0
SNGYO,2025/3,2OCD,Kardan Ayrılan Kısıtlanmış Yedekler,Income Reserves,40243665.0
SNGYO,2025/3,2OCE,Geçmiş Yıllar Kar/Zararları,Retained Earnings /(Acc. Losses),459268900.0
SNGYO,2025/3,2OCF,Dönem Net Kar/Zararı,Current Year Income /(Losses),6008939.0
SNGYO,2025/3,2OD,Diğer Özsermaye Kalemleri,Other Sholders Equity Items,369449494.0
SNGYO,2025/3,2ODA,Azınlık Payları,Minority Interests,0.0
SNGYO,2025/3,2ODB,TOPLAM KAYNAKLAR,TOTAL LIABILITIES AND S.HOLDERS EQUITY,1342956054.0
SNGYO,2025/3,3B,Sürdürülen Faaliyetler,Continuing Operations,0.0
SNGYO,2025/3,3C,Satış Gelirleri,Net Sales,12855314.0
SNGYO,2025/3,3CA,Satışların Maliyeti (-),Cost Of Sales,-7274123.0
SNGYO,2025/3,3CAA,Ticari Faaliyetlerden Diğer Kar (Zarar),Other Profit (Loss) from Trade Operations,0.0
SNGYO,2025/3,3CAB,Ticari Faaliyetlerden Brüt Kar (Zarar),Gross Profit (Loss) from Trade Operations,5581191.0
SNGYO,2025/3,3CAC,"Faiz, Ücret, Prim, Komisyon ve Diğer Gelirler","Proceeds from Interest, Fee, Premium, Commission and Other",0.0
SNGYO,2025/3,3CAD,"Faiz, Ücret, Prim, Komisyon ve Diğer Giderler (-)","Expenses from Interest, Fee, Premium, Commission and Other",0.0
SNGYO,2025/3,3CAE,Finans Sektörü Faaliyetlerinden Diğer Kar (Zarar),Other Profit (Loss) from Financial Operations,0.0
SNGYO,2025/3,3CAF,Finans Sektörü Faaliyetlerinden Brüt Kar (Zarar),Gross Profit (Loss) from Financial Operations,0.0
SNGYO,2025/3,3CB,Diğer Gelir ve Giderler,Other Income (Expenses),0.0
SNGYO,2025/3,3D,BRÜT KAR (ZARAR),GROSS PROFIT (LOSS),5581191.0
SNGYO,2025/3,3DA,"Pazarlama, Satış ve Dağıtım Giderleri (-)",Marketing Selling & Distrib. Expenses (-),-1377830.0
SNGYO,2025/3,3DB,Genel Yönetim Giderleri (-),General Administrative Expenses (-),-2877302.0
SNGYO,2025/3,3DC,Araştırma ve Geliştirme Giderleri (-),Research & Development Expenses (-),0.0
SNGYO,2025/3,3DD,Diğer Faaliyet Gelirleri,Income from Other Operations,2414584.0
SNGYO,2025/3,3DE,Diğer Faaliyet Giderleri (-),Expenses from Other Operations (-),-2352029.0
SNGYO,2025/3,3DEA,Faaliyet Karı Öncesi Diğer Gelir ve Giderler,Other Income (Expenses) Before Operating Profits,0.0
SNGYO,2025/3,3DF,FAALİYET KARI (ZARARI),OPERATING PROFITS,1388614.0
SNGYO,2025/3,3H,Net Faaliyet Kar/Zararı,Net Operating Profits,1326059.0
SNGYO,2025/3,3HA,Yatırım Faaliyetlerinden Gelirler,nan,0.0
SNGYO,2025/3,3HAA,Yatırım Faaliyetlerinden Giderler (-),nan,0.0
SNGYO,2025/3,3HAB,Diğer Gelir ve Giderler,nan,0.0
SNGYO,2025/3,3HAC,Özkaynak Yöntemiyle Değerlenen Yatırımların Kar/Zararlarındaki Paylar,Profit (Loss) from Subsidiaries,106357.0
SNGYO,2025/3,3HACA,Finansman Gideri Öncesi Faaliyet Karı/Zararı,nan,1494971.0
SNGYO,2025/3,3HB,(Esas Faaliyet Dışı) Finansal Gelirler,Financial Income (from Other Operations),177249.0
SNGYO,2025/3,3HC,(Esas Faaliyet Dışı) Finansal Giderler (-),Financial Expenses (from Other Operations) (-),22429321.0
SNGYO,2025/3,3HCA,Vergi Öncesi Diğer Gelir ve Giderler,Other Income (Expenses) Before Tax,0.0
SNGYO,2025/3,3I,SÜRDÜRÜLEN FAALİYETLER VERGİ ÖNCESİ KARI (ZARARI),PROFIT BEFORE TAX FROM CONTINUING OPERATIONS,24101541.0
SNGYO,2025/3,3IA,Sürdürülen Faaliyetler Vergi Geliri (Gideri),Taxation on Continuing Operations,-17831067.0
SNGYO,2025/3,3IB,Dönem Vergi Geliri (Gideri),Taxation on Income (Expenses),0.0
SNGYO,2025/3,3IC,Ertelenmiş Vergi Geliri (Gideri),Income (Expenses) of Deferred Tax,-17831067.0
SNGYO,2025/3,3ID,Diğer Vergi Geliri (Gideri),Other Taxation Income (Expenses),0.0
SNGYO,2025/3,3J,SÜRDÜRÜLEN FAALİYETLER DÖNEM KARI/ZARARI,PROFIT FROM CONTINUING OPERATIONS,6270474.0
SNGYO,2025/3,3K,DURDURULAN FAALİYETLER,DISCONTINUED OPERATIONS,0.0
SNGYO,2025/3,3KA,Durdurulan Faaliyetler Vergi Sonrası Dönem Karı (Zararı),Profit After Taxes from Discontinued Operations,0.0
SNGYO,2025/3,3L,DÖNEM KARI (ZARARI),NET PROFIT AFTER TAXES,6270474.0
SNGYO,2025/3,3LA,Dönem Kar/Zararının Dağılımı,Distrubition of Profit (Loss),0.0
SNGYO,2025/3,3LB,Azınlık Payları,Minority Interests,0.0
SNGYO,2025/3,3Z,Ana Ortaklık Payları,Parent Shares,6270474.0
SNGYO,2025/3,3ZD,Hisse Başına Kazanç,Earnings per Share,0.0
SNGYO,2025/3,3ZE,Seyreltilmiş Hisse Başına Kazanç,Diluted Earnings per Share,0.0
SNGYO,2025/3,3ZF,Sürdürülen Faaliyetlerden Hisse Başına Kazanç,Earnings per Share from Continuing Operations,0.0
SNGYO,2025/3,3ZG,Sürdürülen Faaliyetlerden Seyreltilmiş Hisse Başına Kazanç,Earnings per Share from Discontinued Operations,0.0
SNGYO,2025/3,4B,Amortisman Giderleri,Depreciation & Amortization,211881.0
SNGYO,2025/3,4BA,Kıdem Tazminatı,Severance Payments,33615.0
SNGYO,2025/3,4BB,Finansman Giderleri,Financial Expenses,22429321.0
SNGYO,2025/3,4BC,Yurtiçi Satışlar,Domestic Sales,0.0
SNGYO,2025/3,4BD,Yurtdışı Satışlar,Export Sales,0.0
SNGYO,2025/3,4BE,Net Yabancı Para Pozisyonu,Net Fx Position,-75554951.0
SNGYO,2025/3,4BEA,Parasal net yabancı para varlık/(yükümlülük) pozisyonu,Parasal net yabancı para varlık/(yükümlülük) pozisyonu,-75554951.0
SNGYO,2025/3,4BEB,Net YPP (Hedge Dahil),Net YPP (Hedge Dahil),-75554951.0
SNGYO,2025/3,4C,İşletme Faaliyetlerinden Kaynaklanan Net Nakit,Net Cash from Operations,10246166.0
SNGYO,2025/3,4CA,Düzeltme Öncesi Kar,Earnings Before Adjustments,6270474.0
SNGYO,2025/3,4CAA,Düzeltmeler:,Adjustments:,25991527.0
SNGYO,2025/3,4CAB,Amortisman & İtfa Payları,Depreciation & Amortisation,211881.0
SNGYO,2025/3,4CAC,Karşılıklardaki Değişim,Change in Provisions,33615.0
SNGYO,2025/3,4CAD,Diğer Gelir/ Gider,Other Income / Expense,29830863.0
SNGYO,2025/3,4CAE,İşletme Sermayesinde Değişikler Öncesi Faaliyet Karı (+),Operating Profit Before Changes in Working Capital (+),32262001.0
SNGYO,2025/3,4CAF,İşletme Sermayesindeki Değişiklikler,Change in Working Capital,-22002483.0
SNGYO,2025/3,4CAG,Esas Faaliyet ile İlgili Oluşan Nakit (+),Cash from Core Operations (+),10259518.0
SNGYO,2025/3,4CAH,Diğer İşletme Faaliyetlerinden Nakit,Cash from Other Operations,-13352.0
SNGYO,2025/3,4CAI,Sabit Sermaye Yatırımları,Capital Expenditures (CapEx),-7136.0
SNGYO,2025/3,4CAJ,Diğer Yatırım Faaliyetlerinden Nakit,Cash from Other Investment Operations,0.0
SNGYO,2025/3,4CAK,Yatırım Faaliyetlerinden Kaynaklanan Nakit,Cash from Investment Operations,-7136.0
SNGYO,2025/3,4CB,Serbest Nakit Akım,Free Cash Flow,10239031.0
SNGYO,2025/3,4CBA,Finansal Borçlardaki Değişim,Change in Financial Debt,-3371719.0
SNGYO,2025/3,4CBB,Temettü Ödemeleri,Dividends Paid,0.0
SNGYO,2025/3,4CBC,Sermaye Artırımı,Rights Issue,0.0
SNGYO,2025/3,4CBD,Diğer Finansman Faaliyetlerinden Nakit,Cash from Other Financial Operations,-7568301.0
SNGYO,2025/3,4CBE,Finansman Faaliyetlerden Kaynaklanan Nakit,Cash from Financial Operations,-10940020.0
SNGYO,2025/3,4CBF,Yab. Para Çev. Fark. Etk. Önc.Nak.Ve Nak. Benz. Net Artış/Azalış,Cash Net Inc. / Dec. before For.Cur. Trans. Dif.,-969888.0
SNGYO,2025/3,4CBG,Yab.ı Para Çevrim Fark. Nakit Ve Nakit Benz. Üzerindeki Etkisi,Foreign Curr. Trans.Diff.Cash and Cash Benz. Imp.,0.0
SNGYO,2025/3,4CBH,Diğer Nakit Girişi/Çıkışı,Other Cash Inflow/Outflow,0.0
SNGYO,2025/3,4CBI,Nakit ve Benzerlerindeki Değişim,Change in Cash & Cash Equivalents,-969888.0
SNGYO,2025/3,4CBJ,Diğer Nakit ve Nakit Benzerlerindeki Artış,Other Cash & Cash Equivalents Change,0.0
SNGYO,2025/3,4CBK,Dönem Başı Nakit Değerler,Cash at the beginning of the Quarter,2941111.0
SNGYO,2025/3,4CBL,Dönem Sonu Nakit,Cash at the End of the Quarter,1971223.0
SNGYO,2025/6,1A,Dönen Varlıklar,CURRENT ASSETS,279067245.0
SNGYO,2025/6,1AA,Nakit ve Nakit Benzerleri,Cash and Cash Equivalents,219045.0
SNGYO,2025/6,1AB,Finansal Yatırımlar,Short-Term Financial Investments,0.0
SNGYO,2025/6,1AC,Ticari Alacaklar,Short-Term Trade Receivables,43076780.0
SNGYO,2025/6,1AD,Finans Sektörü Faaliyetlerinden Alacaklar,Short-Term Receivables from Financial Operations,0.0
SNGYO,2025/6,1AE,Diğer Alacaklar,Short-Term Other Receivables,6171130.0
SNGYO,2025/6,1AEA,Müşteri Sözleşmelerinden Doğan Varlıklar,nan,0.0
SNGYO,2025/6,1AF,Stoklar,Inventories,203394007.0
SNGYO,2025/6,1AG,Canlı Varlıklar,Short-Term Live Assets,0.0
SNGYO,2025/6,1AH,Diğer Dönen Varlıklar,Other Current Assets,26206284.0
SNGYO,2025/6,1AI,(Ara Toplam),(Subtotal),279067245.0
SNGYO,2025/6,1AJ,Satış Amacıyla Elde Tutulan Duran Varlıklar,Assets to be Sold,0.0
SNGYO,2025/6,1AK,Duran Varlıklar,LONG TERM ASSETS,1095422440.0
SNGYO,2025/6,1B,Ticari Alacaklar,Trade Receivables,0.0
SNGYO,2025/6,1BA,Finans Sektörü Faaliyetlerinden Alacaklar,Long-Term Receivables from Financial Operations,0.0
SNGYO,2025/6,1BB,Diğer Alacaklar,Other Receivables,81476.0
SNGYO,2025/6,1BBA,Müşteri Sözleşmelerinden Doğan Varlıklar,nan,0.0
SNGYO,2025/6,1BC,Finansal Yatırımlar,Financial Investments,0.0
SNGYO,2025/6,1BD,Özkaynak Yöntemiyle Değerlenen Yatırımlar,Investments with Equity Method,4992362.0
SNGYO,2025/6,1BE,Canlı Varlıklar,Long-Term Live Assets,0.0
SNGYO,2025/6,1BF,Yatırım Amaçlı Gayrimenkuller,Real Estate Investments,582550563.0
SNGYO,2025/6,1BFA,Stoklar,Stoklar,293329390.0
SNGYO,2025/6,1BFAA,Kullanım Hakkı Varlıkları,nan,787697.0
SNGYO,2025/6,1BG,Maddi Duran Varlıklar,Tangible Fixed Assets,1102431.0
SNGYO,2025/6,1BGA,Şerefiye,Goodwill,0.0
SNGYO,2025/6,1BH,Maddi Olmayan Duran Varlıklar,Intangible Fixed Assets,118245.0
SNGYO,2025/6,1BJ,Ertelenmiş Vergi Varlığı,Long Term Deffered Tax Assets,0.0
SNGYO,2025/6,1BK,Diğer Duran Varlıklar,Other Long-Term Assets,212460275.0
SNGYO,2025/6,1BL,TOPLAM VARLIKLAR,TOTAL ASSETS,1374489684.0
SNGYO,2025/6,1BM,KAYNAKLAR,LIABILITIES,0.0
SNGYO,2025/6,2A,Kısa Vadeli Yükümlülükler,SHORT TERM LIABILITIES,77649760.0
SNGYO,2025/6,2AA,Finansal Borçlar,Short-Term Financial Loans,28360640.0
SNGYO,2025/6,2AAG,Diğer Finansal Yükümlülükler,Other Short-Term Financial Liabilities,0.0
SNGYO,2025/6,2AAGAA,Ticari Borçlar,Short-Term Trade Payables,26976936.0
SNGYO,2025/6,2AAGAB,Diğer Borçlar,Other Short-Term Loans,383807.0
SNGYO,2025/6,2AAGAC,Müşteri Söz. Doğan Yük.,nan,0.0
SNGYO,2025/6,2AAGB,Finans Sektörü Faaliyetlerinden Borçlar,Short-Term Loans from Financial Operations,0.0
SNGYO,2025/6,2AAGC,Devlet Teşvik ve Yardımları,Short-Term Government Promotions and Aids,0.0
SNGYO,2025/6,2AAGCA,Ertelenmiş Gelirler (Müşteri Söz. Doğan Yük. Dış.Kal.),nan,20428168.0
SNGYO,2025/6,2AAGD,Dönem Karı Vergi Yükümlülüğü,Taxation Liabilities on Income (-),0.0
SNGYO,2025/6,2AAGE,Borç Karşılıkları,Short-Term Provisions,728176.0
SNGYO,2025/6,2AAGF,Diğer Kısa Vadeli Yükümlülükler,Other Short-Term Liabilities,772035.0
SNGYO,2025/6,2AAGG,(Ara Toplam),(Subtotal),77649760.0
SNGYO,2025/6,2AAGH,Satış Amaçlı Elde Tutulan Duran Varlıklara İlişkin Yükümlülükler,Liabilities on Assets to be Sold,0.0
SNGYO,2025/6,2B,Uzun Vadeli Yükümlülükler,LONG TERM LIABILITIES,229141734.0
SNGYO,2025/6,2BA,Finansal Borçlar,Long-Term Financial Loans,103162101.0
SNGYO,2025/6,2BB,Diğer Finansal Yükümlülükler,Other Short-Term Financial Liabilities,0.0
SNGYO,2025/6,2BBA,Ticari Borçlar,Long-Term Trade Payables,0.0
SNGYO,2025/6,2BBB,Diğer Borçlar,Other Long-Term Loans,3550456.0
SNGYO,2025/6,2BBBA,Müşteri Söz.Doğan Yük.,nan,0.0
SNGYO,2025/6,2BC,Finans Sektörü Faaliyetlerinden Borçlar,Long-Term Loans from Financial Operations,0.0
SNGYO,2025/6,2BD,Devlet Teşvik ve Yardımları,Long-Term Government Promotions and Aids,0.0
SNGYO,2025/6,2BDA,Ertelenmiş Gelirler (Müşteri Söz.Doğan Yük. Dış.Kal.),nan,38928277.0
SNGYO,2025/6,2BE,Uzun vadeli karşılıklar,Long-Term Provisions,478036.0
SNGYO,2025/6,2BF,Çalışanlara Sağlanan Faydalara İliş.Karş.,Provisions for Retirment Pay,0.0
SNGYO,2025/6,2BG,Ertelenmiş Vergi Yükümlülüğü,Deferred Tax Liabilities,83022864.0
SNGYO,2025/6,2BH,Diğer Uzun Vadeli Yükümlülükler,Other Long-Term Liabilities,0.0
SNGYO,2025/6,2N,Özkaynaklar,SHAREHOLDERS EQUITY,1067698190.0
SNGYO,2025/6,2O,Ana Ortaklığa Ait Özkaynaklar,Parent Shareholders Capital,1067698190.0
SNGYO,2025/6,2OA,Ödenmiş Sermaye,Share Capital,100471210.0
SNGYO,2025/6,2OC,Karşılıklı İştirak Sermayesi Düzeltmesi (-),Adjustments to Share Capital,0.0
SNGYO,2025/6,2OCA,Hisse Senedi İhraç Primleri,Premium in Excess of Par,71901000.0
SNGYO,2025/6,2OCB,Değer Artış Fonları,Market Value Surpluses,0.0
SNGYO,2025/6,2OCC,Yabancı Para Çevrim Farkları,FX Translation Differences,0.0
SNGYO,2025/6,2OCD,Kardan Ayrılan Kısıtlanmış Yedekler,Income Reserves,40540713.0
SNGYO,2025/6,2OCE,Geçmiş Yıllar Kar/Zararları,Retained Earnings /(Acc. Losses),462658876.0
SNGYO,2025/6,2OCF,Dönem Net Kar/Zararı,Current Year Income /(Losses),14012266.0
SNGYO,2025/6,2OD,Diğer Özsermaye Kalemleri,Other Sholders Equity Items,378114126.0
SNGYO,2025/6,2ODA,Azınlık Payları,Minority Interests,0.0
SNGYO,2025/6,2ODB,TOPLAM KAYNAKLAR,TOTAL LIABILITIES AND S.HOLDERS EQUITY,1374489684.0
SNGYO,2025/6,3B,Sürdürülen Faaliyetler,Continuing Operations,0.0
SNGYO,2025/6,3C,Satış Gelirleri,Net Sales,40234341.0
SNGYO,2025/6,3CA,Satışların Maliyeti (-),Cost Of Sales,-30090515.0
SNGYO,2025/6,3CAA,Ticari Faaliyetlerden Diğer Kar (Zarar),Other Profit (Loss) from Trade Operations,0.0
SNGYO,2025/6,3CAB,Ticari Faaliyetlerden Brüt Kar (Zarar),Gross Profit (Loss) from Trade Operations,10143827.0
SNGYO,2025/6,3CAC,"Faiz, Ücret, Prim, Komisyon ve Diğer Gelirler","Proceeds from Interest, Fee, Premium, Commission and Other",0.0
SNGYO,2025/6,3CAD,"Faiz, Ücret, Prim, Komisyon ve Diğer Giderler (-)","Expenses from Interest, Fee, Premium, Commission and Other",0.0
SNGYO,2025/6,3CAE,Finans Sektörü Faaliyetlerinden Diğer Kar (Zarar),Other Profit (Loss) from Financial Operations,0.0
SNGYO,2025/6,3CAF,Finans Sektörü Faaliyetlerinden Brüt Kar (Zarar),Gross Profit (Loss) from Financial Operations,0.0
SNGYO,2025/6,3CB,Diğer Gelir ve Giderler,Other Income (Expenses),0.0
SNGYO,2025/6,3D,BRÜT KAR (ZARAR),GROSS PROFIT (LOSS),10143827.0
SNGYO,2025/6,3DA,"Pazarlama, Satış ve Dağıtım Giderleri (-)",Marketing Selling & Distrib. Expenses (-),-3143671.0
SNGYO,2025/6,3DB,Genel Yönetim Giderleri (-),General Administrative Expenses (-),-6114153.0
SNGYO,2025/6,3DC,Araştırma ve Geliştirme Giderleri (-),Research & Development Expenses (-),0.0
SNGYO,2025/6,3DD,Diğer Faaliyet Gelirleri,Income from Other Operations,7236694.0
SNGYO,2025/6,3DE,Diğer Faaliyet Giderleri (-),Expenses from Other Operations (-),-5439425.0
SNGYO,2025/6,3DEA,Faaliyet Karı Öncesi Diğer Gelir ve Giderler,Other Income (Expenses) Before Operating Profits,0.0
SNGYO,2025/6,3DF,FAALİYET KARI (ZARARI),OPERATING PROFITS,2683271.0
SNGYO,2025/6,3H,Net Faaliyet Kar/Zararı,Net Operating Profits,886002.0
SNGYO,2025/6,3HA,Yatırım Faaliyetlerinden Gelirler,nan,586921.0
SNGYO,2025/6,3HAA,Yatırım Faaliyetlerinden Giderler (-),nan,0.0
SNGYO,2025/6,3HAB,Diğer Gelir ve Giderler,nan,0.0
SNGYO,2025/6,3HAC,Özkaynak Yöntemiyle Değerlenen Yatırımların Kar/Zararlarındaki Paylar,Profit (Loss) from Subsidiaries,240700.0
SNGYO,2025/6,3HACA,Finansman Gideri Öncesi Faaliyet Karı/Zararı,nan,3510893.0
SNGYO,2025/6,3HB,(Esas Faaliyet Dışı) Finansal Gelirler,Financial Income (from Other Operations),226667.0
SNGYO,2025/6,3HC,(Esas Faaliyet Dışı) Finansal Giderler (-),Financial Expenses (from Other Operations) (-),31028999.0
SNGYO,2025/6,3HCA,Vergi Öncesi Diğer Gelir ve Giderler,Other Income (Expenses) Before Tax,586921.0
SNGYO,2025/6,3I,SÜRDÜRÜLEN FAALİYETLER VERGİ ÖNCESİ KARI (ZARARI),PROFIT BEFORE TAX FROM CONTINUING OPERATIONS,34766559.0
SNGYO,2025/6,3IA,Sürdürülen Faaliyetler Vergi Geliri (Gideri),Taxation on Continuing Operations,-19883780.0
SNGYO,2025/6,3IB,Dönem Vergi Geliri (Gideri),Taxation on Income (Expenses),0.0
SNGYO,2025/6,3IC,Ertelenmiş Vergi Geliri (Gideri),Income (Expenses) of Deferred Tax,-19883780.0
SNGYO,2025/6,3ID,Diğer Vergi Geliri (Gideri),Other Taxation Income (Expenses),0.0
SNGYO,2025/6,3J,SÜRDÜRÜLEN FAALİYETLER DÖNEM KARI/ZARARI,PROFIT FROM CONTINUING OPERATIONS,14882778.0
SNGYO,2025/6,3K,DURDURULAN FAALİYETLER,DISCONTINUED OPERATIONS,0.0
SNGYO,2025/6,3KA,Durdurulan Faaliyetler Vergi Sonrası Dönem Karı (Zararı),Profit After Taxes from Discontinued Operations,0.0
SNGYO,2025/6,3L,DÖNEM KARI (ZARARI),NET PROFIT AFTER TAXES,14882778.0
SNGYO,2025/6,3LA,Dönem Kar/Zararının Dağılımı,Distrubition of Profit (Loss),0.0
SNGYO,2025/6,3LB,Azınlık Payları,Minority Interests,0.0
SNGYO,2025/6,3Z,Ana Ortaklık Payları,Parent Shares,14882778.0
SNGYO,2025/6,3ZD,Hisse Başına Kazanç,Earnings per Share,0.0
SNGYO,2025/6,3ZE,Seyreltilmiş Hisse Başına Kazanç,Diluted Earnings per Share,0.0
SNGYO,2025/6,3ZF,Sürdürülen Faaliyetlerden Hisse Başına Kazanç,Earnings per Share from Continuing Operations,0.0
SNGYO,2025/6,3ZG,Sürdürülen Faaliyetlerden Seyreltilmiş Hisse Başına Kazanç,Earnings per Share from Discontinued Operations,0.0
SNGYO,2025/6,4B,Amortisman Giderleri,Depreciation & Amortization,322907.0
SNGYO,2025/6,4BA,Kıdem Tazminatı,Severance Payments,187672.0
SNGYO,2025/6,4BB,Finansman Giderleri,Financial Expenses,31028999.0
SNGYO,2025/6,4BC,Yurtiçi Satışlar,Domestic Sales,0.0
SNGYO,2025/6,4BD,Yurtdışı Satışlar,Export Sales,0.0
SNGYO,2025/6,4BE,Net Yabancı Para Pozisyonu,Net Fx Position,-79322219.0
SNGYO,2025/6,4BEA,Parasal net yabancı para varlık/(yükümlülük) pozisyonu,Parasal net yabancı para varlık/(yükümlülük) pozisyonu,-79322219.0
SNGYO,2025/6,4BEB,Net YPP (Hedge Dahil),Net YPP (Hedge Dahil),-79322219.0
SNGYO,2025/6,4C,İşletme Faaliyetlerinden Kaynaklanan Net Nakit,Net Cash from Operations,-8499053.0
SNGYO,2025/6,4CA,Düzeltme Öncesi Kar,Earnings Before Adjustments,14882778.0
SNGYO,2025/6,4CAA,Düzeltmeler:,Adjustments:,21186726.0
SNGYO,2025/6,4CAB,Amortisman & İtfa Payları,Depreciation & Amortisation,322907.0
SNGYO,2025/6,4CAC,Karşılıklardaki Değişim,Change in Provisions,187672.0
SNGYO,2025/6,4CAD,Diğer Gelir/ Gider,Other Income / Expense,31113045.0
SNGYO,2025/6,4CAE,İşletme Sermayesinde Değişikler Öncesi Faaliyet Karı (+),Operating Profit Before Changes in Working Capital (+),36069505.0
SNGYO,2025/6,4CAF,İşletme Sermayesindeki Değişiklikler,Change in Working Capital,-44549831.0
SNGYO,2025/6,4CAG,Esas Faaliyet ile İlgili Oluşan Nakit (+),Cash from Core Operations (+),-8480326.0
SNGYO,2025/6,4CAH,Diğer İşletme Faaliyetlerinden Nakit,Cash from Other Operations,-18727.0
SNGYO,2025/6,4CAI,Sabit Sermaye Yatırımları,Capital Expenditures (CapEx),-22628.0
SNGYO,2025/6,4CAJ,Diğer Yatırım Faaliyetlerinden Nakit,Cash from Other Investment Operations,18261115.0
SNGYO,2025/6,4CAK,Yatırım Faaliyetlerinden Kaynaklanan Nakit,Cash from Investment Operations,18238487.0
SNGYO,2025/6,4CB,Serbest Nakit Akım,Free Cash Flow,9739434.0
SNGYO,2025/6,4CBA,Finansal Borçlardaki Değişim,Change in Financial Debt,-621483.0
SNGYO,2025/6,4CBB,Temettü Ödemeleri,Dividends Paid,0.0
SNGYO,2025/6,4CBC,Sermaye Artırımı,Rights Issue,0.0
SNGYO,2025/6,4CBD,Diğer Finansman Faaliyetlerinden Nakit,Cash from Other Financial Operations,-11469965.0
SNGYO,2025/6,4CBE,Finansman Faaliyetlerden Kaynaklanan Nakit,Cash from Financial Operations,-12091447.0
SNGYO,2025/6,4CBF,Yab. Para Çev. Fark. Etk. Önc.Nak.Ve Nak. Benz. Net Artış/Azalış,Cash Net Inc. / Dec. before For.Cur. Trans. Dif.,-2782980.0
SNGYO,2025/6,4CBG,Yab.ı Para Çevrim Fark. Nakit Ve Nakit Benz. Üzerindeki Etkisi,Foreign Curr. Trans.Diff.Cash and Cash Benz. Imp.,0.0
SNGYO,2025/6,4CBH,Diğer Nakit Girişi/Çıkışı,Other Cash Inflow/Outflow,0.0
SNGYO,2025/6,4CBI,Nakit ve Benzerlerindeki Değişim,Change in Cash & Cash Equivalents,-2782980.0
SNGYO,2025/6,4CBJ,Diğer Nakit ve Nakit Benzerlerindeki Artış,Other Cash & Cash Equivalents Change,0.0
SNGYO,2025/6,4CBK,Dönem Başı Nakit Değerler,Cash at the beginning of the Quarter,3015633.0
SNGYO,2025/6,4CBL,Dönem Sonu Nakit,Cash at the End of the Quarter,232653.0
SNGYO,2025/9,1A,Dönen Varlıklar,CURRENT ASSETS,264740539.0
SNGYO,2025/9,1AA,Nakit ve Nakit Benzerleri,Cash and Cash Equivalents,310472.0
SNGYO,2025/9,1AB,Finansal Yatırımlar,Short-Term Financial Investments,0.0
SNGYO,2025/9,1AC,Ticari Alacaklar,Short-Term Trade Receivables,18209887.0
SNGYO,2025/9,1AD,Finans Sektörü Faaliyetlerinden Alacaklar,Short-Term Receivables from Financial Operations,0.0
SNGYO,2025/9,1AE,Diğer Alacaklar,Short-Term Other Receivables,5786708.0
SNGYO,2025/9,1AEA,Müşteri Sözleşmelerinden Doğan Varlıklar,nan,0.0
SNGYO,2025/9,1AF,Stoklar,Inventories,211543697.0
SNGYO,2025/9,1AG,Canlı Varlıklar,Short-Term Live Assets,0.0
SNGYO,2025/9,1AH,Diğer Dönen Varlıklar,Other Current Assets,28889776.0
SNGYO,2025/9,1AI,(Ara Toplam),(Subtotal),264740539.0
SNGYO,2025/9,1AJ,Satış Amacıyla Elde Tutulan Duran Varlıklar,Assets to be Sold,0.0
SNGYO,2025/9,1AK,Duran Varlıklar,LONG TERM ASSETS,1149732893.0
SNGYO,2025/9,1B,Ticari Alacaklar,Trade Receivables,19971930.0
SNGYO,2025/9,1BA,Finans Sektörü Faaliyetlerinden Alacaklar,Long-Term Receivables from Financial Operations,0.0
SNGYO,2025/9,1BB,Diğer Alacaklar,Other Receivables,78010.0
SNGYO,2025/9,1BBA,Müşteri Sözleşmelerinden Doğan Varlıklar,nan,0.0
SNGYO,2025/9,1BC,Finansal Yatırımlar,Financial Investments,0.0
SNGYO,2025/9,1BD,Özkaynak Yöntemiyle Değerlenen Yatırımlar,Investments with Equity Method,4639756.0
SNGYO,2025/9,1BE,Canlı Varlıklar,Long-Term Live Assets,0.0
SNGYO,2025/9,1BF,Yatırım Amaçlı Gayrimenkuller,Real Estate Investments,599621167.0
SNGYO,2025/9,1BFA,Stoklar,Stoklar,304663470.0
SNGYO,2025/9,1BFAA,Kullanım Hakkı Varlıkları,nan,810779.0
SNGYO,2025/9,1BG,Maddi Duran Varlıklar,Tangible Fixed Assets,1133235.0
SNGYO,2025/9,1BGA,Şerefiye,Goodwill,0.0
SNGYO,2025/9,1BH,Maddi Olmayan Duran Varlıklar,Intangible Fixed Assets,111582.0
SNGYO,2025/9,1BJ,Ertelenmiş Vergi Varlığı,Long Term Deffered Tax Assets,0.0
SNGYO,2025/9,1BK,Diğer Duran Varlıklar,Other Long-Term Assets,218702965.0
SNGYO,2025/9,1BL,TOPLAM VARLIKLAR,TOTAL ASSETS,1414473432.0
SNGYO,2025/9,1BM,KAYNAKLAR,LIABILITIES,0.0
SNGYO,2025/9,2A,Kısa Vadeli Yükümlülükler,SHORT TERM LIABILITIES,86609132.0
SNGYO,2025/9,2AA,Finansal Borçlar,Short-Term Financial Loans,31804864.0
SNGYO,2025/9,2AAG,Diğer Finansal Yükümlülükler,Other Short-Term Financial Liabilities,0.0
SNGYO,2025/9,2AAGAA,Ticari Borçlar,Short-Term Trade Payables,35249275.0
SNGYO,2025/9,2AAGAB,Diğer Borçlar,Other Short-Term Loans,230985.0
SNGYO,2025/9,2AAGAC,Müşteri Söz. Doğan Yük.,nan,0.0
SNGYO,2025/9,2AAGB,Finans Sektörü Faaliyetlerinden Borçlar,Short-Term Loans from Financial Operations,0.0
SNGYO,2025/9,2AAGC,Devlet Teşvik ve Yardımları,Short-Term Government Promotions and Aids,0.0
SNGYO,2025/9,2AAGCA,Ertelenmiş Gelirler (Müşteri Söz. Doğan Yük. Dış.Kal.),nan,17678211.0
SNGYO,2025/9,2AAGD,Dönem Karı Vergi Yükümlülüğü,Taxation Liabilities on Income (-),0.0
SNGYO,2025/9,2AAGE,Borç Karşılıkları,Short-Term Provisions,656294.0
SNGYO,2025/9,2AAGF,Diğer Kısa Vadeli Yükümlülükler,Other Short-Term Liabilities,989503.0
SNGYO,2025/9,2AAGG,(Ara Toplam),(Subtotal),86609132.0
SNGYO,2025/9,2AAGH,Satış Amaçlı Elde Tutulan Duran Varlıklara İlişkin Yükümlülükler,Liabilities on Assets to be Sold,0.0
SNGYO,2025/9,2B,Uzun Vadeli Yükümlülükler,LONG TERM LIABILITIES,224005382.0
SNGYO,2025/9,2BA,Finansal Borçlar,Long-Term Financial Loans,92224048.0
SNGYO,2025/9,2BB,Diğer Finansal Yükümlülükler,Other Short-Term Financial Liabilities,0.0
SNGYO,2025/9,2BBA,Ticari Borçlar,Long-Term Trade Payables,0.0
SNGYO,2025/9,2BBB,Diğer Borçlar,Other Long-Term Loans,3747776.0
SNGYO,2025/9,2BBBA,Müşteri Söz.Doğan Yük.,nan,0.0
SNGYO,2025/9,2BC,Finans Sektörü Faaliyetlerinden Borçlar,Long-Term Loans from Financial Operations,0.0
SNGYO,2025/9,2BD,Devlet Teşvik ve Yardımları,Long-Term Government Promotions and Aids,0.0
SNGYO,2025/9,2BDA,Ertelenmiş Gelirler (Müşteri Söz.Doğan Yük. Dış.Kal.),nan,37699496.0
SNGYO,2025/9,2BE,Uzun vadeli karşılıklar,Long-Term Provisions,218436.0
SNGYO,2025/9,2BF,Çalışanlara Sağlanan Faydalara İliş.Karş.,Provisions for Retirment Pay,0.0
SNGYO,2025/9,2BG,Ertelenmiş Vergi Yükümlülüğü,Deferred Tax Liabilities,90115626.0
SNGYO,2025/9,2BH,Diğer Uzun Vadeli Yükümlülükler,Other Long-Term Liabilities,0.0
SNGYO,2025/9,2N,Özkaynaklar,SHAREHOLDERS EQUITY,1103858918.0
SNGYO,2025/9,2O,Ana Ortaklığa Ait Özkaynaklar,Parent Shareholders Capital,1103858918.0
SNGYO,2025/9,2OA,Ödenmiş Sermaye,Share Capital,96196395.0
SNGYO,2025/9,2OC,Karşılıklı İştirak Sermayesi Düzeltmesi (-),Adjustments to Share Capital,0.0
SNGYO,2025/9,2OCA,Hisse Senedi İhraç Primleri,Premium in Excess of Par,74007930.0
SNGYO,2025/9,2OCB,Değer Artış Fonları,Market Value Surpluses,0.0
SNGYO,2025/9,2OCC,Yabancı Para Çevrim Farkları,FX Translation Differences,0.0
SNGYO,2025/9,2OCD,Kardan Ayrılan Kısıtlanmış Yedekler,Income Reserves,41728686.0
SNGYO,2025/9,2OCE,Geçmiş Yıllar Kar/Zararları,Retained Earnings /(Acc. Losses),476216268.0
SNGYO,2025/9,2OCF,Dönem Net Kar/Zararı,Current Year Income /(Losses),19073985.0
SNGYO,2025/9,2OD,Diğer Özsermaye Kalemleri,Other Sholders Equity Items,396635654.0
SNGYO,2025/9,2ODA,Azınlık Payları,Minority Interests,0.0
SNGYO,2025/9,2ODB,TOPLAM KAYNAKLAR,TOTAL LIABILITIES AND S.HOLDERS EQUITY,1414473432.0
SNGYO,2025/9,3B,Sürdürülen Faaliyetler,Continuing Operations,0.0
SNGYO,2025/9,3C,Satış Gelirleri,Net Sales,56903587.0
SNGYO,2025/9,3CA,Satışların Maliyeti (-),Cost Of Sales,-40193290.0
SNGYO,2025/9,3CAA,Ticari Faaliyetlerden Diğer Kar (Zarar),Other Profit (Loss) from Trade Operations,0.0
SNGYO,2025/9,3CAB,Ticari Faaliyetlerden Brüt Kar (Zarar),Gross Profit (Loss) from Trade Operations,16710297.0
SNGYO,2025/9,3CAC,"Faiz, Ücret, Prim, Komisyon ve Diğer Gelirler","Proceeds from Interest, Fee, Premium, Commission and Other",0.0
SNGYO,2025/9,3CAD,"Faiz, Ücret, Prim, Komisyon ve Diğer Giderler (-)","Expenses from Interest, Fee, Premium, Commission and Other",0.0
SNGYO,2025/9,3CAE,Finans Sektörü Faaliyetlerinden Diğer Kar (Zarar),Other Profit (Loss) from Financial Operations,0.0
SNGYO,2025/9,3CAF,Finans Sektörü Faaliyetlerinden Brüt Kar (Zarar),Gross Profit (Loss) from Financial Operations,0.0
SNGYO,2025/9,3CB,Diğer Gelir ve Giderler,Other Income (Expenses),0.0
SNGYO,2025/9,3D,BRÜT KAR (ZARAR),GROSS PROFIT (LOSS),16710297.0
SNGYO,2025/9,3DA,"Pazarlama, Satış ve Dağıtım Giderleri (-)",Marketing Selling & Distrib. Expenses (-),-4577817.0
SNGYO,2025/9,3DB,Genel Yönetim Giderleri (-),General Administrative Expenses (-),-9158071.0
SNGYO,2025/9,3DC,Araştırma ve Geliştirme Giderleri (-),Research & Development Expenses (-),0.0
SNGYO,2025/9,3DD,Diğer Faaliyet Gelirleri,Income from Other Operations,6967913.0
SNGYO,2025/9,3DE,Diğer Faaliyet Giderleri (-),Expenses from Other Operations (-),-3319613.0
SNGYO,2025/9,3DEA,Faaliyet Karı Öncesi Diğer Gelir ve Giderler,Other Income (Expenses) Before Operating Profits,0.0
SNGYO,2025/9,3DF,FAALİYET KARI (ZARARI),OPERATING PROFITS,6622709.0
SNGYO,2025/9,3H,Net Faaliyet Kar/Zararı,Net Operating Profits,2974409.0
SNGYO,2025/9,3HA,Yatırım Faaliyetlerinden Gelirler,nan,612130.0
SNGYO,2025/9,3HAA,Yatırım Faaliyetlerinden Giderler (-),nan,0.0
SNGYO,2025/9,3HAB,Diğer Gelir ve Giderler,nan,0.0
SNGYO,2025/9,3HAC,Özkaynak Yöntemiyle Değerlenen Yatırımların Kar/Zararlarındaki Paylar,Profit (Loss) from Subsidiaries,199395.0
SNGYO,2025/9,3HACA,Finansman Gideri Öncesi Faaliyet Karı/Zararı,nan,7434234.0
SNGYO,2025/9,3HB,(Esas Faaliyet Dışı) Finansal Gelirler,Financial Income (from Other Operations),253330.0
SNGYO,2025/9,3HC,(Esas Faaliyet Dışı) Finansal Giderler (-),Financial Expenses (from Other Operations) (-),43464647.0
SNGYO,2025/9,3HCA,Vergi Öncesi Diğer Gelir ve Giderler,Other Income (Expenses) Before Tax,612130.0
SNGYO,2025/9,3I,SÜRDÜRÜLEN FAALİYETLER VERGİ ÖNCESİ KARI (ZARARI),PROFIT BEFORE TAX FROM CONTINUING OPERATIONS,51152211.0
SNGYO,2025/9,3IA,Sürdürülen Faaliyetler Vergi Geliri (Gideri),Taxation on Continuing Operations,-30624657.0
SNGYO,2025/9,3IB,Dönem Vergi Geliri (Gideri),Taxation on Income (Expenses),0.0
SNGYO,2025/9,3IC,Ertelenmiş Vergi Geliri (Gideri),Income (Expenses) of Deferred Tax,-30624657.0
SNGYO,2025/9,3ID,Diğer Vergi Geliri (Gideri),Other Taxation Income (Expenses),0.0
SNGYO,2025/9,3J,SÜRDÜRÜLEN FAALİYETLER DÖNEM KARI/ZARARI,PROFIT FROM CONTINUING OPERATIONS,20527554.0
SNGYO,2025/9,3K,DURDURULAN FAALİYETLER,DISCONTINUED OPERATIONS,0.0
SNGYO,2025/9,3KA,Durdurulan Faaliyetler Vergi Sonrası Dönem Karı (Zararı),Profit After Taxes from Discontinued Operations,0.0
SNGYO,2025/9,3L,DÖNEM KARI (ZARARI),NET PROFIT AFTER TAXES,20527554.0
SNGYO,2025/9,3LA,Dönem Kar/Zararının Dağılımı,Distrubition of Profit (Loss),0.0
SNGYO,2025/9,3LB,Azınlık Payları,Minority Interests,0.0
SNGYO,2025/9,3Z,Ana Ortaklık Payları,Parent Shares,20527554.0
SNGYO,2025/9,3ZD,Hisse Başına Kazanç,Earnings per Share,0.0
SNGYO,2025/9,3ZE,Seyreltilmiş Hisse Başına Kazanç,Diluted Earnings per Share,0.0
SNGYO,2025/9,3ZF,Sürdürülen Faaliyetlerden Hisse Başına Kazanç,Earnings per Share from Continuing Operations,0.0
SNGYO,2025/9,3ZG,Sürdürülen Faaliyetlerden Seyreltilmiş Hisse Başına Kazanç,Earnings per Share from Discontinued Operations,0.0
SNGYO,2025/9,4B,Amortisman Giderleri,Depreciation & Amortization,449477.0
SNGYO,2025/9,4BA,Kıdem Tazminatı,Severance Payments,0.0
SNGYO,2025/9,4BB,Finansman Giderleri,Financial Expenses,43464647.0
SNGYO,2025/9,4BC,Yurtiçi Satışlar,Domestic Sales,0.0
SNGYO,2025/9,4BD,Yurtdışı Satışlar,Export Sales,0.0
SNGYO,2025/9,4BE,Net Yabancı Para Pozisyonu,Net Fx Position,-76691307.0
SNGYO,2025/9,4BEA,Parasal net yabancı para varlık/(yükümlülük) pozisyonu,Parasal net yabancı para varlık/(yükümlülük) pozisyonu,-76691307.0
SNGYO,2025/9,4BEB,Net YPP (Hedge Dahil),Net YPP (Hedge Dahil),-76691307.0
SNGYO,2025/9,4C,İşletme Faaliyetlerinden Kaynaklanan Net Nakit,Net Cash from Operations,2467636.0
SNGYO,2025/9,4CA,Düzeltme Öncesi Kar,Earnings Before Adjustments,20527554.0
SNGYO,2025/9,4CAA,Düzeltmeler:,Adjustments:,26587259.0
SNGYO,2025/9,4CAB,Amortisman & İtfa Payları,Depreciation & Amortisation,449477.0
SNGYO,2025/9,4CAC,Karşılıklardaki Değişim,Change in Provisions,95410.0
SNGYO,2025/9,4CAD,Diğer Gelir/ Gider,Other Income / Expense,46224776.0
SNGYO,2025/9,4CAE,İşletme Sermayesinde Değişikler Öncesi Faaliyet Karı (+),Operating Profit Before Changes in Working Capital (+),47114813.0
SNGYO,2025/9,4CAF,İşletme Sermayesindeki Değişiklikler,Change in Working Capital,-44600977.0
SNGYO,2025/9,4CAG,Esas Faaliyet ile İlgili Oluşan Nakit (+),Cash from Core Operations (+),2513836.0
SNGYO,2025/9,4CAH,Diğer İşletme Faaliyetlerinden Nakit,Cash from Other Operations,-46200.0
SNGYO,2025/9,4CAI,Sabit Sermaye Yatırımları,Capital Expenditures (CapEx),-123785.0
SNGYO,2025/9,4CAJ,Diğer Yatırım Faaliyetlerinden Nakit,Cash from Other Investment Operations,19045429.0
SNGYO,2025/9,4CAK,Yatırım Faaliyetlerinden Kaynaklanan Nakit,Cash from Investment Operations,18921644.0
SNGYO,2025/9,4CB,Serbest Nakit Akım,Free Cash Flow,21389280.0
SNGYO,2025/9,4CBA,Finansal Borçlardaki Değişim,Change in Financial Debt,-7763138.0
SNGYO,2025/9,4CBB,Temettü Ödemeleri,Dividends Paid,0.0
SNGYO,2025/9,4CBC,Sermaye Artırımı,Rights Issue,0.0
SNGYO,2025/9,4CBD,Diğer Finansman Faaliyetlerinden Nakit,Cash from Other Financial Operations,-15799514.0
SNGYO,2025/9,4CBE,Finansman Faaliyetlerden Kaynaklanan Nakit,Cash from Financial Operations,-23562653.0
SNGYO,2025/9,4CBF,Yab. Para Çev. Fark. Etk. Önc.Nak.Ve Nak. Benz. Net Artış/Azalış,Cash Net Inc. / Dec. before For.Cur. Trans. Dif.,-2811021.0
SNGYO,2025/9,4CBG,Yab.ı Para Çevrim Fark. Nakit Ve Nakit Benz. Üzerindeki Etkisi,Foreign Curr. Trans.Diff.Cash and Cash Benz. Imp.,0.0
SNGYO,2025/9,4CBH,Diğer Nakit Girişi/Çıkışı,Other Cash Inflow/Outflow,0.0
SNGYO,2025/9,4CBI,Nakit ve Benzerlerindeki Değişim,Change in Cash & Cash Equivalents,-2811021.0
SNGYO,2025/9,4CBJ,Diğer Nakit ve Nakit Benzerlerindeki Artış,Other Cash & Cash Equivalents Change,0.0
SNGYO,2025/9,4CBK,Dönem Başı Nakit Değerler,Cash at the beginning of the Quarter,3145154.0
SNGYO,2025/9,4CBL,Dönem Sonu Nakit,Cash at the End of the Quarter,334133.0
